Date	Time	50mWS	50mSD	30mWS	30mSD	10mWS	10mSD	50mDIR	30mDIR	Temp
080115	0000	2.5	0.4	2	0.4	1.1	0.6	271	284	47.6
080115	0010	2.3	0.4	1.8	0.4	0.8	0.4	255	276	47.6
080115	0020	1.9	0.4	1.3	0.5	0.6	0.5	223	255	47.5
080115	0030	2.7	0.5	1.9	0.5	0.7	0.5	244	271	47.4
080115	0040	2.7	0.5	1.9	0.7	1	0.7	167	209	47.3
080115	0050	2.2	0.7	1.4	0.7	0.7	0.5	356	164	47.2
080115	0100	1.6	0.5	0.6	0.4	0.3	0.1	350	206	47.2
080115	0110	0.7	0.5	0.4	0.3	0.3	0.1	350	349	47.2
080115	0120	0.5	0.3	0.4	0.2	0.3	0	350	349	46.9
080115	0130	0.6	0.4	0.5	0.4	0.4	0.3	350	349	47
080115	0140	1	0.4	1	0.5	0.7	0.4	347	349	47.1
080115	0150	1.3	0.3	0.8	0.3	0.3	0	348	349	47.1
080115	0200	1.3	0.3	0.8	0.4	0.3	0	348	349	47
080115	0210	0.5	0.3	0.3	0	0.3	0	348	349	47
080115	0220	0.8	0.3	0.4	0.2	0.3	0	348	350	46.8
080115	0230	0.3	0	0.3	0	0.3	0	348	350	46.6
080115	0240	0.8	0.3	0.9	0.2	0.4	0.2	347	349	46.7
080115	0250	1.7	0.4	1.6	0.3	0.8	0.4	347	349	46.7
080115	0300	1.8	0.3	1.6	0.3	0.7	0.4	348	349	46.9
080115	0310	1.6	0.3	0.6	0.4	0.3	0	348	349	47.2
080115	0320	1.9	0.4	1	0.5	0.3	0	348	349	47.2
080115	0330	1.6	0.4	0.9	0.3	0.3	0	348	349	47.2
080115	0340	1.8	0.4	0.7	0.3	0.3	0	348	349	47.2
080115	0350	2.2	0.2	1.3	0.3	0.5	0.4	348	349	47.3
080115	0400	2.6	0.3	2	0.3	1.4	0.6	347	349	47.2
080115	0410	2.8	0.5	2	0.3	1.2	0.4	348	347	47.2
080115	0420	2.5	0.4	1.7	0.4	0.9	0.5	348	347	47.2
080115	0430	3.1	0.4	2.2	0.5	1.2	0.6	348	348	47.2
080115	0440	2.3	0.5	1.7	0.4	0.6	0.4	348	348	47.2
080115	0450	2.6	0.4	2.1	0.3	1	0.5	347	348	47.1
080115	0500	3.6	0.7	3.1	0.6	2.2	0.6	348	347	47.1
080115	0510	4.4	0.5	3.4	0.5	2.2	0.5	347	347	46.9
080115	0520	3.9	0.5	3.2	0.5	2.2	0.6	347	347	46.7
080115	0530	4.1	0.5	3.3	0.5	2.6	0.5	347	347	46.8
080115	0540	4.6	0.6	3.7	0.5	2.8	0.6	346	346	46.8
080115	0550	4.9	0.5	4	0.5	3.2	0.6	347	347	47
080115	0600	4.4	0.6	3.4	0.6	2.2	0.6	347	347	47
080115	0610	3.9	0.6	2.8	0.6	1.4	0.7	347	348	47.1
080115	0620	3.7	0.4	2.8	0.5	1.5	0.6	347	348	47.1
080115	0630	3.8	0.4	2.9	0.5	1.8	0.6	347	348	47
080115	0640	3.5	0.4	2.5	0.5	1.4	0.7	348	348	46.7
080115	0650	4.2	0.3	3.1	0.4	1.4	0.5	348	348	46.6
080115	0700	4.1	0.3	3	0.4	1.5	0.7	348	348	46.6
080115	0710	3.8	0.4	2.6	0.5	1.1	0.6	347	348	46.5
080115	0720	3.7	0.3	2.8	0.3	1.1	0.5	347	348	46.6
080115	0730	3.9	0.4	2.9	0.4	1.4	0.6	347	348	46.6
080115	0740	3.9	0.4	2.7	0.5	1.4	0.7	347	348	46.4
080115	0750	3.8	0.3	2.4	0.4	0.8	0.5	347	348	46.3
080115	0800	3.2	0.4	1.9	0.4	0.4	0.2	348	348	46.3
080115	0810	2.7	0.3	1.6	0.3	0.4	0.2	348	348	46.4
080115	0820	2.9	0.4	1.6	0.3	0.3	0	348	348	46.5
080115	0830	2.4	0.2	1.4	0.2	0.4	0.1	349	348	46.7
080115	0840	2.3	0.4	1.2	0.5	0.3	0	349	348	46.7
080115	0850	1.9	0.3	0.8	0.4	0.3	0	348	348	46.6
080115	0900	1.9	0.4	1.1	0.5	0.4	0.1	348	348	46.5
080115	0910	2.2	0.4	1.4	0.3	0.4	0.1	348	348	46.5
080115	0920	2.2	0.4	1.5	0.4	0.6	0.3	348	347	46.3
080115	0930	1.7	0.9	1.1	0.5	0.3	0.1	348	348	45.9
080115	0940	0.9	0.4	0.4	0.2	0.3	0	348	348	45.8
080115	0950	1.3	0.4	0.6	0.4	0.3	0	348	348	45
080115	1000	1.4	0.3	1.1	0.3	0.6	0.3	347	347	44.5
080115	1010	1.2	0.4	0.7	0.4	0.3	0.1	345	347	44.2
080115	1020	1.6	0.4	1.1	0.4	0.3	0.1	343	346	43.9
080115	1030	0.9	0.5	0.5	0.4	0.4	0.1	343	347	43.8
080115	1040	1.1	0.4	0.8	0.3	0.3	0	343	347	43.6
080115	1050	0.9	0.3	0.5	0.3	0.3	0	344	348	43.6
080115	1100	0.7	0.3	0.4	0.2	0.3	0	344	347	43.5
080115	1110	0.6	0.4	0.4	0.2	0.3	0	345	348	43.3
080115	1120	0.9	0.4	0.5	0.3	0.3	0.1	344	349	43.2
080115	1130	1.2	0.3	0.6	0.3	0.3	0	344	349	42.9
080115	1140	1.3	0.5	0.7	0.4	0.3	0	342	346	42.7
080115	1150	1.5	0.4	1.2	0.6	0.3	0	342	346	42.1
080115	1200	1.5	0.4	1.4	0.5	0.4	0.2	342	346	41.6
080115	1210	1	0.4	0.7	0.4	0.3	0	342	345	41.1
080115	1220	0.5	0.3	0.5	0.3	0.3	0	343	345	40
080115	1230	0.4	0.3	0.4	0.3	0.3	0	342	346	39.4
080115	1240	0.8	0.5	0.8	0.5	0.5	0.4	343	346	38.8
080115	1250	1.7	0.4	1.8	0.4	1.4	0.6	343	346	38.6
080115	1300	1.5	0.5	1.4	0.6	0.8	0.6	343	347	38.5
080115	1310	1.7	0.5	1.6	0.5	1.1	0.7	344	347	38.6
080115	1320	1.4	0.6	1.2	0.6	0.7	0.5	345	347	38.9
080115	1330	1.8	0.3	1.5	0.4	0.7	0.4	348	348	39.1
080115	1340	1.6	0.3	1.3	0.4	0.7	0.4	347	348	39.3
080115	1350	1.7	0.4	1.3	0.4	0.5	0.3	348	348	39.4
080115	1400	1.3	0.4	0.8	0.5	0.4	0.2	348	348	39.4
080115	1410	1.4	0.4	0.9	0.5	0.4	0.1	348	348	39.3
080115	1420	1.1	0.3	0.7	0.4	0.4	0.2	348	348	39.3
080115	1430	0.7	0.4	0.4	0.2	0.3	0	349	348	38.8
080115	1440	1.2	0.5	0.7	0.5	0.4	0.1	348	348	39
080115	1450	1.4	0.4	1	0.4	0.4	0.2	348	348	39.3
080115	1500	1.6	0.3	1.3	0.4	0.6	0.4	348	348	39.4
080115	1510	1.2	0.4	0.8	0.4	0.4	0.2	348	348	39.5
080115	1520	1	0.4	0.8	0.4	0.4	0.1	344	347	39.4
080115	1530	1.7	0.5	1.5	0.5	1.1	0.6	342	346	39.6
080115	1540	4.6	0.8	4.2	0.8	3.8	0.8	343	346	39.8
080115	1550	4.4	0.6	4.2	0.7	4	0.6	343	346	39.5
080115	1600	4	0.6	3.8	0.6	3.3	0.8	345	347	10.9
080115	1610	3.8	0.6	3.6	0.7	3	0.8	347	347	33
080115	1620	4.1	0.6	3.8	0.7	3	0.9	346	347	-49.5
080115	1630	4.7	0.7	4.5	0.7	3.7	0.9	347	347	-15.8
080115	1640	5.1	0.5	4.9	0.6	4.2	0.8	346	347	37.7
080115	1650	4.5	0.5	4.3	0.6	3.4	1	347	347	37
080115	1700	4.9	0.6	4.8	0.6	3.8	0.8	346	347	37.1
080115	1710	4.7	0.6	4.7	0.6	3.7	0.7	346	347	35.9
080115	1720	3.7	0.6	3.7	0.7	2.8	0.9	346	347	37
080115	1730	3.4	0.8	3.3	0.8	2.4	1.1	347	347	36.8
080115	1740	3.5	0.4	3.3	0.4	2.4	0.7	347	347	36.6
080115	1750	3.7	0.7	3.5	0.8	2.6	1.2	347	347	36.3
080115	1800	4.2	0.5	4.1	0.4	3.2	0.7	345	346	36.9
080115	1810	4.1	0.4	3.9	0.5	2.7	0.9	347	347	36.9
080115	1820	3.9	0.6	3.8	0.6	3.2	0.8	346	347	36.7
080115	1830	4.6	0.7	4.3	0.8	3.4	0.9	347	347	36.5
080115	1840	5.2	0.6	5	0.7	3.9	0.9	347	347	36.5
080115	1850	5.3	0.6	5	0.6	4.1	0.9	347	347	37
080115	1900	5.2	0.5	4.9	0.6	4	0.7	347	347	36.7
080115	1910	4.9	0.6	4.8	0.6	3.7	0.9	347	347	36.5
080115	1920	5.1	0.7	4.9	0.8	3.9	1	347	347	37.1
080115	1930	4.9	0.5	4.7	0.5	3.4	0.8	347	347	37.7
080115	1940	3.7	0.6	3.7	0.6	2.4	0.9	347	347	37.4
080115	1950	4	0.4	4	0.4	3	0.7	347	347	38.1
080115	2000	2.9	0.5	3	0.5	1.7	0.8	347	347	38.3
080115	2010	3.4	0.5	3.2	0.5	1.7	0.8	347	347	38.4
080115	2020	3.3	0.5	3.3	0.4	2.2	0.6	347	347	38.7
080115	2030	2.9	0.5	2.8	0.4	1.9	0.6	347	347	38.8
080115	2040	2.3	0.7	2.2	0.6	0.9	0.6	346	347	38.8
080115	2050	2.1	0.4	1.9	0.3	0.7	0.5	346	347	39
080115	2100	2.4	0.4	2.2	0.3	0.9	0.5	347	347	39.2
080115	2110	2	0.4	1.5	0.3	0.4	0.1	347	347	39.3
080115	2120	2.1	0.3	1.7	0.3	0.4	0.2	347	347	39.5
080115	2130	2.3	0.3	1.7	0.3	0.3	0	346	347	39.8
080115	2140	2.6	0.3	1.8	0.4	0.4	0.1	348	347	40.1
080115	2150	1.7	0.5	0.8	0.5	0.3	0	349	348	40.2
080115	2200	1.1	0.2	0.3	0	0.3	0	348	348	40.4
080115	2210	1.3	0.2	0.3	0.1	0.3	0	348	348	40.6
080115	2220	1.5	0.3	0.7	0.3	0.3	0	348	348	40.7
080115	2230	1.7	0.3	0.7	0.3	0.3	0	348	348	40.5
080115	2240	1.2	0.2	0.4	0.1	0.3	0	348	348	40.5
080115	2250	1	0.3	0.3	0	0.3	0	348	349	40.5
080115	2300	0.3	0.1	0.3	0	0.3	0	348	349	40.8
080115	2310	0.3	0	0.3	0	0.3	0	348	348	40.9
080115	2320	0.3	0	0.3	0	0.3	0	348	348	41
080115	2330	0.3	0	0.3	0	0.3	0	348	349	40.8
080115	2340	0.7	0.5	0.8	0.6	0.4	0.1	348	349	40.5
080115	2350	2	0.4	1.9	0.3	0.6	0.3	303	329	40.3
080215	0000	3.1	0.8	2.6	0.8	1.2	1	323	328	40
080215	0010	7	1	6.4	1.1	5	1.1	324	328	40.4
080215	0020	6.1	1	5.6	1	4.4	1	324	330	40.5
080215	0030	5.7	0.7	5.2	0.7	4.1	0.8	324	330	41.1
080215	0040	6.5	1	5.9	1	4.3	1.1	323	332	41.7
080215	0050	6.4	0.7	6.1	0.6	5	0.7	323	330	42
080215	0100	6.2	0.7	5.9	0.8	4.8	0.8	324	330	42.5
080215	0110	5.6	0.6	5.2	0.6	4.3	0.6	323	329	43.1
080215	0120	4.9	0.6	4.6	0.6	3.4	0.7	324	331	43.5
080215	0130	5	0.5	4.6	0.6	3.4	0.6	324	332	44
080215	0140	4.7	0.9	4.3	0.8	3	0.8	322	328	44.3
080215	0150	4.7	0.8	4.4	0.9	3.5	1	322	328	44.6
080215	0200	4.1	0.7	3.9	0.7	2.8	0.9	319	323	45.3
080215	0210	4.2	0.7	4	0.7	3	0.7	316	321	46
080215	0220	4.4	0.7	4	0.6	2.7	0.7	312	317	46.5
080215	0230	3.2	0.6	3	0.6	1.9	0.8	310	319	47
080215	0240	2.9	0.7	2.4	0.7	1.2	0.8	298	310	47.1
080215	0250	2.8	0.6	2.2	0.6	0.8	0.6	266	292	47.2
080215	0300	3.1	0.6	2.4	0.6	0.9	0.6	247	280	47.3
080215	0310	3.4	0.6	2.8	0.9	1.2	0.8	242	271	47.5
080215	0320	3.3	0.7	2.8	0.6	1.4	0.8	304	312	47.7
080215	0330	3.2	0.5	2.5	0.6	1.1	0.7	257	282	47.7
080215	0340	3.1	0.5	2.2	0.5	0.5	0.3	257	287	47.6
080215	0350	2.3	0.3	1.5	0.5	0.4	0.1	265	291	47.7
080215	0400	2	0.4	1.2	0.6	0.4	0.2	275	288	47.7
080215	0410	2.4	0.7	1.3	0.6	0.5	0.3	357	1	47.7
080215	0420	2.4	0.6	1.1	0.6	0.4	0.2	349	11	48
080215	0430	2.6	0.7	1.2	0.5	0.5	0.3	349	350	48.1
080215	0440	2.4	0.4	1.2	0.5	0.4	0.1	351	180	48.1
080215	0450	2.2	0.7	1	0.6	0.4	0.1	310	49	48.1
080215	0500	3.4	0.5	1.8	0.5	0.4	0.2	0	24	48.1
080215	0510	2.4	0.5	1	0.5	0.4	0.1	357	21	48.1
080215	0520	2.3	0.5	1.1	0.5	0.5	0.2	62	224	48
080215	0530	2.5	0.4	1	0.5	0.5	0.3	350	349	48
080215	0540	2.8	0.4	1.6	0.6	0.7	0.4	348	349	47.8
080215	0550	2.9	0.3	2.1	0.5	0.8	0.5	347	348	47.8
080215	0600	2	0.5	1.4	0.6	0.8	0.5	347	348	48
080215	0610	2.7	0.4	2.1	0.4	1.4	0.5	348	348	48.2
080215	0620	3.2	0.5	2.4	0.5	1.5	0.8	347	348	48.3
080215	0630	2.9	0.4	2	0.5	1.1	0.5	347	348	48.4
080215	0640	2.5	0.3	1.4	0.3	0.7	0.3	348	348	48.4
080215	0650	1.9	0.4	0.9	0.4	0.4	0.2	348	348	48.6
080215	0700	2	0.5	1.1	0.5	0.6	0.4	348	348	48.6
080215	0710	1	0.6	0.4	0.2	0.3	0	348	348	48.5
080215	0720	0.3	0.1	0.3	0	0.3	0	348	348	48.6
080215	0730	0.3	0	0.3	0	0.3	0	348	348	48.6
080215	0740	0.4	0.2	0.3	0	0.3	0	348	348	48.6
080215	0750	1.2	0.2	0.4	0.1	0.3	0	348	349	48.5
080215	0800	1.3	0.2	0.3	0.1	0.3	0	349	348	48.5
080215	0810	1	0.2	0.3	0	0.3	0	349	348	48.3
080215	0820	2	0.3	0.8	0.4	0.3	0	349	349	47.5
080215	0830	1.8	0.2	0.8	0.2	0.3	0	347	348	47.2
080215	0840	2.4	0.2	1.4	0.4	0.4	0.1	347	348	47.4
080215	0850	2.5	0.3	1.5	0.4	0.5	0.2	347	348	47.2
080215	0900	2.6	0.4	1.4	0.4	0.5	0.3	347	348	46.5
080215	0910	2.3	0.4	1.1	0.5	0.5	0.3	347	349	46.2
080215	0920	1.3	0.4	0.6	0.3	0.3	0	347	348	46.5
080215	0930	0.8	0.6	0.5	0.3	0.3	0	347	348	46.1
080215	0940	1.6	0.9	0.9	0.9	0.6	0.6	347	348	45.5
080215	0950	2	0.8	1.1	0.7	0.5	0.4	347	349	46.1
080215	1000	0.7	0.5	0.6	0.4	0.4	0.2	347	347	45
080215	1010	1.2	0.5	1.1	0.6	0.6	0.4	340	343	44.7
080215	1020	0.8	0.4	0.6	0.4	0.5	0.2	344	345	44.4
080215	1030	0.6	0.3	0.6	0.3	0.4	0.2	345	344	39.1
080215	1040	1.2	0.4	1	0.4	0.9	0.3	345	346	37.9
080215	1050	1.2	0.4	0.9	0.4	0.6	0.3	344	346	38.5
080215	1100	1.3	0.6	1	0.5	0.7	0.4	344	346	38.1
080215	1110	1.4	0.3	1.3	0.3	1	0.3	344	346	37.8
080215	1120	1.1	0.6	1	0.6	0.5	0.3	344	346	37.3
080215	1130	1	0.4	0.8	0.3	0.5	0.3	345	346	36.6
080215	1140	0.6	0.4	0.7	0.4	0.5	0.3	345	346	35.2
080215	1150	1	0.6	1.4	0.6	0.6	0.4	344	347	34.3
080215	1200	1.2	0.5	1.6	0.4	0.7	0.4	345	348	34
080215	1210	1.1	0.5	1.6	0.3	0.5	0.3	347	348	36.2
080215	1220	0.7	0.5	1.2	0.5	0.4	0.2	348	348	36.9
080215	1230	0.5	0.3	1.2	0.3	0.4	0.2	348	348	36.2
080215	1240	0.5	0.3	1	0.4	0.4	0.1	346	347	35.7
080215	1250	0.4	0.2	0.7	0.4	0.3	0	343	346	35.5
080215	1300	1.3	0.6	1.6	0.5	0.8	0.4	344	347	35.6
080215	1310	0.9	0.5	1.2	0.5	0.4	0.2	346	348	34.9
080215	1320	1	0.4	1.3	0.3	0.4	0.2	343	346	34.9
080215	1330	0.4	0.2	0.7	0.4	0.3	0	343	346	34.2
080215	1340	1.8	0.4	2.1	0.4	0.5	0.3	336	340	33.9
080215	1350	0.8	0.4	1.1	0.4	0.3	0	340	342	34.3
080215	1400	1.1	0.5	1.5	0.4	0.4	0.2	342	344	34.1
080215	1410	0.7	0.4	1.1	0.5	0.4	0.2	343	346	33.8
080215	1420	1.3	0.4	1.5	0.4	0.4	0.1	340	345	33.7
080215	1430	1.6	0.6	1.8	0.6	0.9	0.6	340	345	32.9
080215	1440	2.4	0.6	2.5	0.5	1	0.8	340	345	32.7
080215	1450	2.7	0.6	2.7	0.5	0.8	0.5	340	345	31.8
080215	1500	2.7	0.4	2.8	0.5	1.2	0.8	339	344	31.4
080215	1510	2.4	0.6	2.5	0.7	1.1	0.7	338	343	30.5
080215	1520	2.4	0.5	2.8	0.5	1.3	0.9	338	344	29.5
080215	1530	2.1	0.5	2.1	0.6	0.7	0.6	336	342	28.4
080215	1540	2.4	0.5	2.2	0.7	1.3	0.9	340	344	28.8
080215	1550	3	0.6	3	0.7	2.1	0.9	343	346	28.8
080215	1600	2.5	0.7	2.5	0.7	1.7	1	345	347	28.7
080215	1610	3.3	0.7	3.2	0.8	2.7	1	342	346	27.8
080215	1620	4.1	0.9	4.1	1	3.4	1.1	345	346	27.7
080215	1630	4.1	0.9	4	0.9	3.3	1.2	347	347	28.4
080215	1640	4.1	0.5	4	0.5	3	0.8	347	347	27.7
080215	1650	3.9	0.6	3.9	0.7	3.4	0.8	345	346	27.2
080215	1700	3.9	0.7	3.8	0.7	3	0.9	344	346	27.4
080215	1710	4.5	0.5	4.6	0.5	3.8	0.6	346	347	27
080215	1720	4.8	0.6	4.8	0.6	4	0.8	347	347	26.9
080215	1730	4.3	0.5	4.2	0.5	3.3	1	347	347	26.5
080215	1740	4.1	0.8	4	0.7	3.3	0.7	347	347	26.9
080215	1750	3.7	1	3.8	0.8	2.9	0.9	347	347	26.7
080215	1800	3.5	0.6	3.6	0.6	2.9	0.8	347	347	26
080215	1810	3.5	0.9	3.4	1	2.2	1.4	347	347	25.8
080215	1820	3	0.8	3.1	0.6	2.3	0.8	347	347	25.6
080215	1830	2.5	0.5	2.8	0.5	1.8	0.7	346	347	25.5
080215	1840	3.2	0.6	3.4	0.5	2.7	0.8	343	346	25.7
080215	1850	2.8	0.6	2.8	0.7	1.7	1	347	347	25.2
080215	1900	2.6	0.6	2.8	0.5	2	0.7	347	348	25.2
080215	1910	1.8	0.6	1.9	0.6	0.6	0.5	348	349	20.4
080215	1920	2.4	0.7	2.5	0.7	1.5	1.1	347	348	23.8
080215	1930	2.2	0.5	2.4	0.5	1.5	0.8	348	348	24
080215	1940	1.9	0.5	1.9	0.5	0.8	0.6	348	348	24.2
080215	1950	1.1	0.4	1.3	0.5	0.4	0.2	348	349	23.3
080215	2000	0.9	0.5	1.1	0.5	0.4	0.2	349	349	21.6
080215	2010	2.6	0.4	2.7	0.3	2.1	0.5	348	348	24.3
080215	2020	2.7	0.3	2.6	0.4	2	0.5	348	348	26.6
080215	2030	2.1	0.4	2.2	0.4	1.2	0.6	348	348	27.4
080215	2040	2.5	0.3	2.4	0.3	1.4	0.5	348	347	27.7
080215	2050	2.6	0.4	2.5	0.3	1.3	0.5	348	347	28.4
080215	2100	2.5	0.4	2.4	0.3	0.7	0.5	348	348	28.9
080215	2110	2.6	0.2	2.5	0.2	0.8	0.5	348	348	29.5
080215	2120	2.5	0.2	2.3	0.2	0.4	0.1	348	349	30.1
080215	2130	2.7	0.3	2.2	0.2	0.3	0	348	348	31
080215	2140	2.3	0.2	1.8	0.3	0.3	0	349	348	31.8
080215	2150	2.1	0.2	1.4	0.1	0.3	0	349	349	32.2
080215	2200	1.6	0.2	1.2	0.2	0.3	0	348	348	32.8
080215	2210	2.1	0.5	1.8	0.5	0.4	0.2	328	2	33
080215	2220	2.5	0.4	2.2	0.4	0.4	0.3	255	238	33.2
080215	2230	2.7	0.4	2.7	0.4	0.9	0.5	250	270	33.7
080215	2240	2.8	0.2	2.6	0.3	0.6	0.5	245	286	34.5
080215	2250	2.8	0.4	2.3	0.4	0.4	0.1	49	310	35.2
080215	2300	3.2	0.3	2.9	0.3	0.9	0.5	337	117	36.3
080215	2310	1.9	0.6	2	0.5	0.5	0.4	233	187	37
080215	2320	1.2	0.4	1.6	0.3	0.3	0	222	184	37.5
080215	2330	1.8	0.3	1.8	0.2	0.3	0	224	187	37.9
080215	2340	1.5	0.2	1.4	0.2	0.3	0	221	188	38.1
080215	2350	1.5	0.2	1.2	0.2	0.3	0	224	189	38.3
080315	0000	1	0.3	1	0.2	0.3	0	229	188	38.7
080315	0010	0.9	0.5	0.8	0.3	0.3	0	205	178	38.9
080315	0020	1.8	0.4	1.3	0.3	0.3	0	37	178	39.2
080315	0030	1.2	0.5	1.4	0.3	0.3	0	0	183	39.5
080315	0040	1.1	0.3	1.4	0.3	0.3	0	0	186	39.9
080315	0050	1.8	0.2	1.5	0.2	0.3	0	0	186	40.6
080315	0100	1.6	0.2	1	0.3	0.3	0	0	189	41.1
080315	0110	2.1	0.2	0.5	0.2	0.3	0	0	188	41.2
080315	0120	1.8	0.3	0.9	0.2	0.3	0	0	189	41.3
080315	0130	2.4	0.3	1.5	0.2	0.3	0	326	175	41.2
080315	0140	2.5	0.2	1.9	0.4	0.3	0	241	186	41.4
080315	0150	2.4	0.3	1.6	0.3	0.3	0	265	191	41.6
080315	0200	2.1	0.2	1.5	0.2	0.3	0	283	193	41.4
080315	0210	2.5	0.3	1.9	0.4	0.3	0	280	192	41.5
080315	0220	2.4	0.6	2.2	0.3	0.3	0	315	192	41.2
080315	0230	1.7	0.3	2	0.2	0.3	0	316	195	40.3
080315	0240	1.4	0.7	1.8	0.2	0.3	0	315	192	39.9
080315	0250	2.5	0.5	2.5	0.3	1.1	0.5	316	231	39.9
080315	0300	3.1	0.5	2.8	0.3	1.4	0.4	320	326	40
080315	0310	4.3	0.5	3.6	0.5	2.1	0.7	323	329	40.2
080315	0320	4.5	0.4	3.9	0.4	2.5	0.5	322	328	40.2
080315	0330	3.3	0.8	2.8	0.7	1	0.8	321	326	40.5
080315	0340	3.4	0.4	3	0.3	1.4	0.6	319	323	41
080315	0350	3.5	0.4	2.9	0.4	1	0.6	312	318	41.2
080315	0400	3.1	0.4	2.5	0.4	0.6	0.4	303	310	41.5
080315	0410	2.9	0.4	2.3	0.3	0.4	0.2	292	305	41.7
080315	0420	2.6	0.4	2	0.3	0.3	0	296	307	41.8
080315	0430	2.7	0.3	1.9	0.2	0.3	0	297	306	42
080315	0440	1.9	0.5	1.2	0.3	0.3	0	299	307	42.1
080315	0450	2.4	0.5	1.8	0.4	0.3	0	302	305	42.4
080315	0500	3.4	0.5	2.6	0.5	0.4	0.2	311	315	42.6
080315	0510	4.1	0.3	3.5	0.4	1.8	0.6	310	318	42.5
080315	0520	4	0.5	3.3	0.4	1.8	0.6	312	318	42.3
080315	0530	3.7	0.4	3.1	0.3	1.3	0.6	304	313	42.1
080315	0540	4.1	0.5	3.4	0.5	1.6	0.6	308	315	42.2
080315	0550	4	0.4	3.5	0.4	1.9	0.6	312	318	42.3
080315	0600	3.4	0.6	2.7	0.5	1	0.7	311	318	42.4
080315	0610	3.1	0.4	2.5	0.4	0.7	0.5	309	317	42.5
080315	0620	3.5	0.4	2.9	0.5	1	0.6	300	310	42.5
080315	0630	4.3	0.5	3.5	0.5	1.4	0.6	301	309	42.5
080315	0640	4.6	0.6	3.9	0.7	2.1	0.9	307	311	42.4
080315	0650	4	0.6	3.5	0.7	1.8	0.9	306	314	41.8
080315	0700	4.3	0.5	3.8	0.5	2.5	0.8	316	320	41.8
080315	0710	3.6	0.4	3.1	0.5	1.4	0.8	312	321	41.9
080315	0720	2.9	0.6	2.5	0.4	0.7	0.4	307	320	42.4
080315	0730	3.3	0.8	2.9	0.6	1.2	0.8	306	316	42.6
080315	0740	3.9	0.6	3.6	0.6	2.4	0.8	316	321	42.5
080315	0750	3.7	0.4	3.5	0.4	1.9	0.6	319	324	42.5
080315	0800	3.6	0.4	3.4	0.3	1.9	0.6	321	327	42.8
080315	0810	3.6	0.7	3.3	0.5	1.9	0.5	321	328	43.1
080315	0820	4.2	0.6	3.7	0.5	2.1	0.7	319	325	43.3
080315	0830	5	1.1	4.5	1	3.1	1	319	325	43.3
080315	0840	5.9	1	5.5	0.9	4	0.8	323	329	43
080315	0850	5.6	0.9	5.3	0.7	4	0.7	323	330	42.8
080315	0900	5	0.7	4.5	0.7	3.1	0.6	322	328	42.6
080315	0910	4.2	0.6	4	0.6	2.9	0.7	322	329	42.4
080315	0920	4.2	0.7	4	0.7	2.7	0.8	317	323	42.2
080315	0930	3.8	0.8	3.8	0.7	2.6	0.8	314	321	41.9
080315	0940	4.2	0.9	3.9	0.8	2.7	0.8	313	318	41.7
080315	0950	5	0.7	4.9	0.7	4	0.8	318	324	41.8
080315	1000	5	0.9	4.9	0.8	3.8	0.8	316	323	42.1
080315	1010	4.8	0.7	4.8	0.7	3.7	0.8	316	322	42.1
080315	1020	5	0.8	5	0.7	4.1	0.8	317	324	41.9
080315	1030	4.2	0.9	4.2	0.9	3.4	0.9	313	320	41.8
080315	1040	4.5	0.6	4.4	0.7	3.7	0.9	311	319	41.8
080315	1050	5.4	0.7	5.3	0.7	4.4	0.9	312	318	41.6
080315	1100	5	0.7	4.9	0.7	4.2	0.7	311	318	41.2
080315	1110	5.6	0.9	5.4	0.9	4.5	1	312	319	40.7
080315	1120	5.4	0.9	5.2	0.9	4.4	0.9	315	321	40.1
080315	1130	6.1	0.8	6	0.7	5.2	0.7	315	322	40.1
080315	1140	7.4	1	7.2	1.1	6.1	1.2	316	322	40
080315	1150	5.5	0.7	5.4	0.8	4.6	0.8	313	320	39.9
080315	1200	5.8	0.8	5.7	0.9	4.9	0.8	315	321	38.9
080315	1210	5.9	1.2	6	1.2	5.1	1.1	315	321	38.1
080315	1220	6.3	1.1	6.3	0.9	5.4	0.8	315	321	37.2
080315	1230	6.1	1.2	6	1.2	5.2	1	313	319	36.1
080315	1240	7.2	0.8	6.9	1	5.7	0.9	309	316	36.3
080315	1250	7.2	1.5	7.1	1.2	6.3	1.2	309	315	35.3
080315	1300	7.5	1.3	7.4	1.1	6.3	1.1	314	320	35.4
080315	1310	9.4	0.9	8.9	1	7.5	1.1	311	317	34.9
080315	1320	8.8	1	8.7	1.1	7.3	1.2	311	317	34.7
080315	1330	8.6	1.2	8.4	1.1	7.2	0.9	314	319	34.2
080315	1340	8.4	1.3	8.2	1.3	7	1.3	313	319	33.6
080315	1350	8.1	1.1	7.8	1.2	6.4	1.5	312	317	33.2
080315	1400	8.7	1.3	8.5	1.3	7.3	1.3	312	317	33.1
080315	1410	9.1	1	8.8	0.9	7.5	1	316	321	33
080315	1420	8.4	1.3	7.9	1	6.9	1.1	316	321	32.9
080315	1430	8.8	1.2	8.6	1.1	7.3	1.1	316	322	33.1
080315	1440	7	1	6.8	0.9	5.9	1.1	316	322	32.4
080315	1450	8.2	1.3	7.8	1.1	6.6	1.1	314	320	32.2
080315	1500	8.1	1.1	7.7	1.1	6.2	1.2	312	318	32.3
080315	1510	8.2	1.3	7.9	1.4	6.8	1.3	315	320	31.9
080315	1520	7.9	1	7.5	0.9	6.4	1	319	325	31.1
080315	1530	8	1.4	7.8	1.3	6.4	1.3	315	320	30.6
080315	1540	7.8	1.2	7.5	1.2	6.3	1.3	318	324	30.8
080315	1550	8.9	1.1	8.4	1.1	7.1	1	318	324	30.2
080315	1600	8.3	1.3	7.8	1.4	6.4	1.1	318	325	29.6
080315	1610	9.1	1.2	8.8	1.1	7.5	1.1	320	326	29.6
080315	1620	8.6	1.5	8.3	1.4	7	1.2	320	326	29.9
080315	1630	8.4	1.2	8	1.2	6.8	1.3	320	325	29.5
080315	1640	8.3	1.1	8.1	1.1	7	1.2	317	321	29.1
080315	1650	7.8	1.2	7.4	1.2	6.5	1.1	320	326	28.8
080315	1700	6.7	1	6.6	1.1	5.5	1.2	311	318	28.1
080315	1710	6.4	1.1	6.4	1.2	5.4	1.2	318	324	28.2
080315	1720	7.3	1	7.1	0.9	5.9	1	314	319	28.5
080315	1730	7.2	0.8	7	0.9	6	0.9	318	323	28.2
080315	1740	8	1.2	7.7	1.1	6.5	1	320	326	27.8
080315	1750	7.5	1.6	7.3	1.6	6.4	1.3	318	324	27.7
080315	1800	7	1	6.9	1	6.1	1.2	317	322	28
080315	1810	6.6	1.1	6	1.1	5	0.9	322	329	27
080315	1820	6.7	0.9	6.4	0.9	5.5	0.9	319	324	26.7
080315	1830	5.8	0.8	5.4	0.8	4.8	0.8	320	326	27.8
080315	1840	5.7	1	5.5	1	4.6	0.8	323	330	27.1
080315	1850	6	0.8	5.8	0.9	4.7	1	322	330	27
080315	1900	5.7	0.7	5.2	0.9	4.1	0.9	323	331	26.4
080315	1910	6.5	0.8	6.1	0.9	4.8	0.7	324	331	26.5
080315	1920	6	0.8	5.6	0.9	4.6	1	323	332	26.8
080315	1930	5.8	0.7	5.5	0.7	4.5	0.8	322	329	27.1
080315	1940	5.9	0.7	5.7	0.7	4.9	0.8	320	326	26.9
080315	1950	5.4	0.5	5	0.6	4.4	0.6	324	331	27.4
080315	2000	5.8	1.2	5.5	1	4.7	0.9	322	328	27.5
080315	2010	5.6	0.6	5.4	0.6	4.4	0.8	324	332	28.1
080315	2020	5.9	0.8	5.6	0.8	4.4	0.8	324	331	28.1
080315	2030	5.5	1.1	4.8	1.1	3.6	1	324	333	28.6
080315	2040	6	0.8	5.5	0.8	4.3	0.9	324	333	29.5
080315	2050	5.3	0.6	4.8	0.6	3.4	0.8	324	334	30.3
080315	2100	4.4	0.4	3.8	0.6	2.2	0.5	323	335	30.7
080315	2110	4.1	0.5	3.6	0.5	2.1	0.5	324	335	31.2
080315	2120	3.7	0.4	3.2	0.4	2.1	0.5	325	336	31.8
080315	2130	3.6	0.4	3.1	0.4	1.7	0.5	325	335	32.6
080315	2140	2.9	0.4	2.7	0.4	1.3	0.5	326	335	33.1
080315	2150	2.7	0.5	2.7	0.6	1.8	0.8	324	333	33.4
080315	2200	3	0.7	2.8	0.5	1.9	0.6	319	327	33.5
080315	2210	2.5	0.5	2.3	0.4	1.2	0.5	317	323	34.3
080315	2220	3	0.4	2.5	0.4	1.5	0.3	317	322	34.8
080315	2230	3.4	0.4	3	0.3	1.9	0.3	318	325	35.5
080315	2240	4.2	0.4	3.7	0.3	2.6	0.3	319	326	35.2
080315	2250	4.3	0.5	3.7	0.4	2.7	0.4	317	325	34.9
080315	2300	3.8	0.5	3.3	0.4	2.1	0.4	314	321	35.6
080315	2310	4.4	0.6	3.8	0.5	2.6	0.5	316	322	35.8
080315	2320	3.8	0.6	3.3	0.5	2.2	0.5	316	322	35.7
080315	2330	3.6	0.5	3.1	0.4	2.1	0.4	316	323	36.3
080315	2340	4.1	0.6	3.3	0.5	2.2	0.4	319	324	36.5
080315	2350	3.7	0.4	3.2	0.4	2.3	0.4	318	325	36.8
080415	0000	3.6	0.4	3.1	0.3	2.1	0.3	315	323	37.4
080415	0010	3.3	0.4	2.8	0.4	1.9	0.3	318	326	37.7
080415	0020	4.1	0.5	3.4	0.4	2.4	0.3	319	326	37.7
080415	0030	4.2	0.5	3.6	0.5	2.7	0.4	317	323	37.6
080415	0040	3.9	0.5	3.4	0.4	2.4	0.4	319	325	37.8
080415	0050	4.7	0.5	4	0.5	2.8	0.4	320	326	37.8
080415	0100	5.2	0.5	4.5	0.5	3.2	0.5	317	322	37.7
080415	0110	5.4	0.5	4.5	0.5	3.2	0.5	317	322	38
080415	0120	5.2	0.6	4.4	0.5	3.3	0.5	317	323	38
080415	0130	4.5	0.6	3.8	0.5	2.6	0.4	312	319	38.4
080415	0140	4.7	0.5	4	0.4	2.4	0.5	308	315	38.8
080415	0150	4.8	0.5	4	0.4	2.8	0.4	312	318	39
080415	0200	4.9	0.6	4.3	0.5	3.1	0.4	313	320	39.1
080415	0210	4.8	0.5	4.1	0.5	3.1	0.5	312	319	39
080415	0220	4.2	0.6	3.7	0.5	2.8	0.4	313	320	39.2
080415	0230	4.3	0.5	3.5	0.5	2.5	0.5	312	319	39.4
080415	0240	4.2	0.5	3.7	0.5	2.5	0.5	309	315	39.7
080415	0250	4.2	0.4	3.4	0.4	2.3	0.5	308	315	39.9
080415	0300	4.2	0.4	3.6	0.5	2.2	0.5	307	313	40
080415	0310	4.5	0.5	3.7	0.5	2.3	0.5	305	314	40.2
080415	0320	4.3	0.5	3.6	0.5	2.5	0.5	309	316	40.3
080415	0330	4	0.6	3.4	0.4	2.5	0.5	311	319	40.5
080415	0340	4.6	0.5	3.9	0.5	2.8	0.5	311	318	40.5
080415	0350	4.8	0.6	4.1	0.5	2.9	0.5	315	321	40.5
080415	0400	4.8	0.7	4.1	0.7	3.1	0.6	313	321	40.4
080415	0410	5.1	0.5	4.3	0.5	3.3	0.5	313	318	40.4
080415	0420	5	0.6	4.3	0.5	3.2	0.5	311	318	40.5
080415	0430	4.9	0.7	4.3	0.5	3.2	0.5	310	317	40.6
080415	0440	5.2	0.6	4.4	0.5	3.4	0.5	311	317	40.5
080415	0450	5.3	0.6	4.8	0.5	3.9	0.6	312	319	40.5
080415	0500	5.3	0.6	4.7	0.6	3.5	0.6	310	316	40.6
080415	0510	4.9	0.6	4.3	0.6	3.3	0.6	315	320	40.9
080415	0520	5.5	0.6	4.9	0.6	3.8	0.6	312	318	41
080415	0530	5	0.7	4.2	0.6	3.4	0.6	312	319	41.3
080415	0540	4.8	0.7	4.3	0.6	3.3	0.6	313	319	41.5
080415	0550	5.2	0.7	4.7	0.6	3.8	0.6	313	320	41.5
080415	0600	5.2	0.8	4.8	0.6	3.8	0.6	315	320	41.5
080415	0610	5.3	0.7	4.8	0.6	3.7	0.6	315	321	41.6
080415	0620	5.7	0.6	4.9	0.6	3.9	0.6	317	323	41.7
080415	0630	5.7	0.7	4.8	0.6	3.8	0.7	319	324	41.8
080415	0640	6	0.8	5.4	0.7	4.3	0.7	319	325	41.6
080415	0650	5.9	0.8	5.4	0.8	4.3	0.7	319	325	41.5
080415	0700	5.4	0.7	4.8	0.6	3.9	0.6	316	323	41.8
080415	0710	5.6	0.8	5	0.6	4.1	0.6	315	321	42.1
080415	0720	5.3	0.7	4.7	0.6	3.5	0.6	316	324	42.4
080415	0730	5.3	0.6	4.8	0.6	3.7	0.7	313	319	42.5
080415	0740	5.5	0.7	4.8	0.6	3.9	0.7	313	319	42.6
080415	0750	5.5	0.7	4.9	0.6	4	0.6	314	319	42.8
080415	0800	5.6	0.9	5	0.7	4	0.7	313	319	42.7
080415	0810	5.2	0.6	4.7	0.6	3.5	0.6	312	318	42.8
080415	0820	5	0.6	4.5	0.6	3.4	0.6	311	318	43
080415	0830	5	0.6	4.4	0.6	3.4	0.6	317	323	43.1
080415	0840	5.2	0.7	4.8	0.7	3.9	0.7	316	321	42.9
080415	0850	4.7	0.7	4	0.6	3.2	0.7	316	323	42.9
080415	0900	4.1	0.6	3.8	0.5	3	0.5	319	325	42.8
080415	0910	3.1	0.5	2.8	0.5	2.1	0.5	310	319	42.8
080415	0920	2.7	0.4	2.4	0.4	1.6	0.4	308	317	42.8
080415	0930	2.9	0.5	2.5	0.6	1.8	0.6	300	313	42.7
080415	0940	3.9	0.6	3.5	0.7	2.6	0.6	306	314	42.5
080415	0950	3.9	0.6	3.8	0.4	3.2	0.5	312	320	42.3
080415	1000	3.7	0.7	3.5	0.6	2.9	0.5	313	320	41.9
080415	1010	4.3	0.7	4.2	0.6	3.7	0.7	312	320	41.5
080415	1020	5	1	5	0.8	4.2	0.8	314	320	40.9
080415	1030	5.3	0.8	5.1	0.9	4.5	0.9	316	321	40.6
080415	1040	5	1	4.9	0.9	4.2	0.8	316	322	39.9
080415	1050	4.6	0.7	4.7	0.8	4.2	0.8	317	323	38.8
080415	1100	6.1	0.6	6.1	0.7	5.3	0.7	320	326	38.3
080415	1110	6	1	5.7	0.9	4.7	0.7	323	329	38.2
080415	1120	6.2	0.5	5.9	0.6	5	0.7	321	328	38.3
080415	1130	5.5	0.7	5.2	0.7	4.4	0.8	321	328	37.9
080415	1140	4.7	0.6	4.6	0.5	4.2	0.6	321	328	36.7
080415	1150	4.5	0.7	4.5	0.6	3.7	0.7	321	328	35.7
080415	1200	4.7	0.6	4.8	0.7	4.2	0.6	319	326	35.4
080415	1210	4.7	0.7	4.8	0.6	4.1	0.6	323	331	35.2
080415	1220	4.9	0.7	4.7	0.8	3.7	0.8	323	332	35.2
080415	1230	4.9	0.8	4.8	0.7	3.8	0.7	323	331	34.1
080415	1240	5.4	0.8	5.4	0.8	4.6	0.9	323	330	34.3
080415	1250	5.2	0.6	5	0.7	4.2	0.8	323	330	33.2
080415	1300	5	0.8	4.8	0.7	4.1	0.8	323	330	32.3
080415	1310	4.4	0.8	4.3	0.8	3.6	0.8	322	329	32.6
080415	1320	4.2	0.9	4.2	0.9	3.7	1.1	322	330	32.2
080415	1330	4.9	0.8	4.8	0.8	4.2	0.9	320	328	31.8
080415	1340	5.1	0.9	4.9	1.1	4.3	0.9	321	328	31.8
080415	1350	5.5	0.9	5.2	0.9	4.6	0.8	325	332	31.1
080415	1400	6	0.7	5.6	0.9	4.8	0.9	323	330	30.5
080415	1410	6.1	0.9	5.9	0.9	5	0.8	324	331	30.2
080415	1420	4.8	0.8	4.4	0.9	3.6	0.8	322	331	29.9
080415	1430	4.8	0.8	4.6	0.8	3.7	0.9	323	331	29.8
080415	1440	5.1	0.9	5	0.9	4.3	0.9	321	326	30.1
080415	1450	4.4	0.6	4.2	0.8	3.8	0.9	320	327	29.9
080415	1500	4.9	1	4.6	1	3.5	1	324	332	29
080415	1510	4.7	0.6	4.6	0.6	3.9	0.7	322	329	28.4
080415	1520	5.1	0.7	4.7	0.9	3.7	0.9	324	333	27.7
080415	1530	4	0.7	3.8	0.7	3.2	0.8	321	329	27.3
080415	1540	4.6	0.7	4.4	0.6	3.6	0.8	321	329	28.2
080415	1550	4.7	1	4.4	0.9	3.3	1	324	333	27.7
080415	1600	5.1	1.3	4.6	1.3	3.4	1	324	334	26.3
080415	1610	5.7	0.7	5.1	0.8	3.8	1	324	333	26.1
080415	1620	4.7	0.7	4.3	0.9	3.5	1.2	324	333	25.9
080415	1630	5.3	0.7	5	0.8	4	0.9	324	334	26.5
080415	1640	5.2	0.7	4.8	0.9	3.7	1	324	335	26.4
080415	1650	5.4	0.7	4.4	1	3.3	0.9	324	335	26.4
080415	1700	5	0.8	4.5	0.8	3.3	1.1	325	335	25.5
080415	1710	4.9	0.9	4.3	1	3.5	0.9	325	333	26.1
080415	1720	4.5	1.1	4	1.2	3.4	1	325	334	26
080415	1730	4.8	0.7	4.2	0.9	2.9	1	325	335	26.1
080415	1740	3.8	1	3.2	1.1	2.4	0.8	326	336	25.4
080415	1750	4.9	0.9	4.5	0.9	3.6	1	325	334	25.2
080415	1800	4.5	0.7	4	0.8	2.9	1.1	325	335	25.3
080415	1810	4.4	0.6	4	0.6	3.3	0.7	325	333	25.6
080415	1820	4.1	0.6	3.9	0.7	3.3	0.8	325	333	25.8
080415	1830	3.8	0.7	3.5	0.7	2.7	0.7	326	336	25.5
080415	1840	4.2	0.6	3.8	0.7	2.6	0.8	326	337	24.8
080415	1850	3.9	1	3.6	0.9	2.3	0.8	329	337	24.3
080415	1900	3.7	0.8	3.4	0.8	2.5	0.9	331	338	24.7
080415	1910	3.7	0.8	3.2	0.9	2.2	0.7	329	337	24.9
080415	1920	3.6	0.5	3.3	0.5	2.2	0.6	333	339	25.1
080415	1930	3.2	0.5	3.1	0.7	2.2	0.6	330	338	25.2
080415	1940	3.1	0.6	2.7	0.6	1.9	0.6	327	337	25.6
080415	1950	3.1	0.7	2.8	0.6	1.7	0.6	330	338	25.7
080415	2000	2.1	0.9	2.1	1	1.5	0.9	326	336	26
080415	2010	2.9	0.4	2.6	0.5	1.7	0.5	326	336	26.1
080415	2020	2	0.5	2.2	0.4	1.5	0.6	327	336	26.9
080415	2030	2.1	0.5	2	0.5	1.4	0.5	327	336	27.1
080415	2040	2.5	0.5	2.4	0.4	1.3	0.5	326	334	27.3
080415	2050	2.1	0.5	2.1	0.5	1.4	0.5	329	333	27.7
080415	2100	2.5	0.3	2.4	0.4	1.7	0.5	325	333	28.1
080415	2110	2.4	0.4	2.3	0.4	1.5	0.5	327	334	28.4
080415	2120	2	0.3	1.8	0.3	0.6	0.3	326	334	28.9
080415	2130	1.6	0.5	1.5	0.4	0.4	0.2	326	334	29.6
080415	2140	1.9	0.4	1.7	0.3	0.5	0.3	321	332	30.3
080415	2150	2.5	0.3	2.5	0.3	1.1	0.4	318	331	30.9
080415	2200	2.6	0.2	2.5	0.2	1.2	0.3	321	333	31.2
080415	2210	2.1	0.3	2.1	0.2	0.8	0.3	321	333	31.6
080415	2220	2	0.4	2.1	0.3	0.7	0.3	320	334	31.7
080415	2230	2.9	0.2	2.6	0.3	1.1	0.3	314	332	31.6
080415	2240	3.4	0.4	3	0.3	1.4	0.4	309	320	31.8
080415	2250	4.1	0.7	3.7	0.7	2.5	0.7	220	272	32.5
080415	2300	4.5	0.4	4.1	0.6	2.7	0.9	209	256	33.6
080415	2310	5.6	0.5	4.9	0.7	3.3	0.9	219	261	34.3
080415	2320	4.9	0.5	4.5	0.5	3.2	0.6	253	289	35
080415	2330	4.7	0.7	4.2	0.7	3.2	0.7	270	295	35.5
080415	2340	4	0.4	3.5	0.4	2.4	0.5	277	298	35.6
080415	2350	3.3	0.4	2.8	0.3	1.6	0.4	287	304	35.9
080515	0000	3.9	0.5	3.3	0.5	2.3	0.6	290	306	36.1
080515	0010	4.7	0.7	4.3	0.6	3.3	0.7	282	302	35.9
080515	0020	4.4	0.6	3.8	0.7	2.7	0.6	283	303	36.1
080515	0030	4.4	0.6	3.7	0.6	2.8	0.6	288	303	36.2
080515	0040	4.3	0.4	3.8	0.5	2.6	0.6	286	303	36.3
080515	0050	4.4	0.6	3.9	0.5	2.8	0.5	288	304	36.4
080515	0100	4.4	0.6	3.7	0.5	2.6	0.5	291	307	36.5
080515	0110	3.8	0.6	3.3	0.5	2.3	0.5	300	313	36.7
080515	0120	3.7	0.5	3.2	0.4	2.2	0.5	305	316	37
080515	0130	3.7	0.4	3.4	0.4	2.3	0.4	311	318	37.2
080515	0140	3	0.4	2.9	0.4	2	0.4	315	324	37.2
080515	0150	3.2	0.4	3.1	0.3	2.3	0.4	316	326	37.5
080515	0200	3.7	0.3	3.4	0.4	2.5	0.4	316	324	37.9
080515	0210	3.3	0.4	3.1	0.3	2.2	0.3	319	323	38.3
080515	0220	3.6	0.5	3.1	0.4	2	0.4	321	325	38.8
080515	0230	3.8	0.3	3.4	0.3	2.4	0.3	320	325	38.8
080515	0240	3.1	0.4	2.9	0.4	2.1	0.4	316	325	38.9
080515	0250	3.3	0.5	2.8	0.4	1.9	0.5	321	327	39.1
080515	0300	3.3	0.6	2.7	0.5	1.9	0.5	323	330	39
080515	0310	2.9	0.5	2.5	0.5	1.1	0.6	324	331	38.8
080515	0320	2.2	0.5	2.3	0.4	1.3	0.3	323	331	38.8
080515	0330	2.5	0.5	2.5	0.6	1.6	0.6	322	330	38.7
080515	0340	3.5	0.7	3.3	0.7	2.4	0.6	320	326	38.5
080515	0350	3.6	0.6	3.3	0.5	2.5	0.5	319	325	38.4
080515	0400	3.5	0.7	3.1	0.5	1.9	0.7	315	320	38.8
080515	0410	2.6	0.5	2.3	0.4	1.4	0.4	313	318	39.2
080515	0420	2.9	0.5	2.5	0.4	1.4	0.4	311	318	39.5
080515	0430	3.4	0.4	2.9	0.4	1.7	0.4	311	318	39.7
080515	0440	3.5	0.5	3	0.4	1.6	0.5	310	316	39.9
080515	0450	3.1	0.6	2.7	0.5	1.6	0.4	309	316	39.9
080515	0500	3.2	0.5	2.8	0.4	1.5	0.5	311	319	39.9
080515	0510	3.1	0.4	2.6	0.4	1.5	0.5	311	316	40.1
080515	0520	2.5	0.5	2.3	0.4	1.2	0.5	312	318	40.2
080515	0530	2.6	0.4	2.3	0.3	1.2	0.4	316	323	40.5
080515	0540	3.1	0.7	2.7	0.4	1.7	0.4	316	323	40.9
080515	0550	3.8	0.5	3	0.5	1.9	0.4	321	326	40.9
080515	0600	3.3	0.6	3	0.4	2	0.4	322	328	40.7
080515	0610	3.4	0.7	2.7	0.4	1.9	0.4	321	326	40.8
080515	0620	3.5	0.6	3	0.5	2.1	0.4	322	327	40.8
080515	0630	2.9	0.6	2.8	0.5	1.8	0.5	315	319	40.7
080515	0640	2.6	0.6	2.5	0.5	1.6	0.5	311	316	41.1
080515	0650	2.7	0.5	2.3	0.4	1.3	0.5	305	312	41.6
080515	0700	3.3	0.4	2.8	0.4	1.7	0.5	310	318	41.8
080515	0710	3.3	0.5	2.9	0.5	1.6	0.5	312	318	41.9
080515	0720	2.7	0.4	2.2	0.4	1	0.4	311	318	42
080515	0730	2.8	0.3	2.3	0.4	0.9	0.5	307	314	42.2
080515	0740	2.6	0.4	1.7	0.5	0.4	0.3	309	316	42.3
080515	0750	2.5	0.4	2.1	0.3	0.8	0.4	310	318	42.3
080515	0800	2.8	0.4	2.3	0.3	1.2	0.4	305	314	42.1
080515	0810	3.2	0.3	2.5	0.4	1.3	0.3	298	311	42
080515	0820	3.4	0.4	2.7	0.4	1.2	0.4	301	311	41.9
080515	0830	3.3	0.4	2.6	0.4	1.4	0.5	302	313	41.8
080515	0840	3.2	0.4	2.6	0.4	1.4	0.4	306	317	41.6
080515	0850	3.3	0.4	2.8	0.4	1.7	0.6	308	317	41.5
080515	0900	3.7	0.5	3	0.5	1.9	0.5	306	315	41.3
080515	0910	4.6	0.6	3.8	0.5	2.5	0.5	306	315	41.1
080515	0920	3.6	0.6	2.9	0.4	2.1	0.4	303	312	40.7
080515	0930	3.1	0.6	2.5	0.6	1.8	0.6	291	309	40.1
080515	0940	3	0.6	2.6	0.6	1.9	0.6	279	298	39.3
080515	0950	3.6	0.6	3.5	0.6	2.6	0.7	278	295	38.8
080515	1000	3.3	0.6	3.1	0.6	2.4	0.5	281	302	38.8
080515	1010	3.6	0.6	3.4	0.5	2.7	0.5	295	308	38.8
080515	1020	4	1	3.6	0.7	3	0.7	300	310	38.4
080515	1030	4.3	0.6	4.2	0.6	3.4	0.6	304	312	37.7
080515	1040	4.6	0.6	4.6	0.6	3.7	0.7	307	315	36.7
080515	1050	4.1	0.8	4.2	0.7	3.7	0.8	313	321	36.1
080515	1100	3.8	0.6	4	0.6	3.4	0.6	316	323	35.7
080515	1110	4	0.9	4	1	3.2	0.9	309	318	35
080515	1120	4.8	0.5	4.9	0.5	4.1	0.6	315	321	34.2
080515	1130	4.3	0.7	4.4	0.7	3.7	0.8	316	323	34
080515	1140	4.7	0.6	4.7	0.6	4.1	0.6	316	323	34.1
080515	1150	4.7	0.6	4.7	0.7	3.9	0.8	318	324	34.2
080515	1200	4.7	0.5	4.8	0.7	4.1	0.6	317	324	32.8
080515	1210	4.2	0.6	4.4	0.6	3.8	0.7	311	318	32.6
080515	1220	4.5	0.9	4.6	0.9	4.1	1	316	322	31.9
080515	1230	4.1	0.7	4.2	0.7	3.7	0.8	318	325	31.9
080515	1240	4.5	0.7	4.5	0.6	3.8	0.8	319	326	31.7
080515	1250	3.4	1.2	3.3	1.1	2.7	1	321	328	30.6
080515	1300	3.7	0.6	3.4	0.8	3	0.7	323	331	29.9
080515	1310	3.8	0.5	3.6	0.6	3	0.6	322	329	29.5
080515	1320	3.3	1	3.1	1.1	2.7	1	324	331	29.3
080515	1330	3.2	1.2	3.1	1.3	2.3	1.5	318	327	28.8
080515	1340	3.2	0.7	3.1	0.8	2.8	0.8	319	327	30.2
080515	1350	3.3	0.9	3.2	1	2.7	1	325	332	29.1
080515	1400	3.1	0.7	3	0.8	2.2	0.7	322	330	28.6
080515	1410	2.9	0.6	2.6	0.6	2.2	0.7	325	335	27.1
080515	1420	2.4	0.8	2.3	0.8	1.8	0.7	325	332	26.3
080515	1430	3.2	0.8	3	1.1	2.5	1.1	324	332	26.6
080515	1440	3.8	0.6	3.7	0.6	3.2	0.7	316	324	27.7
080515	1450	3.6	0.7	3.4	0.5	2.7	0.6	324	334	26.5
080515	1500	2.7	0.8	2.6	0.8	2.2	0.9	326	335	25.8
080515	1510	3.2	0.7	3	0.7	2.4	0.7	326	336	25.2
080515	1520	3.4	0.7	3.2	0.7	2.8	0.8	325	332	26
080515	1530	2.6	0.8	2.6	0.8	2	0.9	326	336	24.6
080515	1540	2.8	0.7	2.6	0.5	2.1	0.8	326	336	24
080515	1550	3.3	0.7	3.1	0.6	2.9	0.8	323	331	24.5
080515	1600	3.9	0.7	3.7	0.8	3.2	0.9	324	332	25.4
080515	1610	3.2	0.8	3	0.8	2.4	0.9	326	335	25.3
080515	1620	2.7	0.7	2.4	0.6	1.7	0.6	327	337	24.3
080515	1630	2.9	0.6	2.8	0.6	2.2	0.7	325	335	25.5
080515	1640	2.5	0.5	2.4	0.5	2.1	0.6	327	335	25.5
080515	1650	2.9	0.6	2.7	0.6	1.9	0.7	326	337	23.7
080515	1700	2.6	0.7	2.3	0.5	1.7	0.7	326	336	23.1
080515	1710	3.3	0.5	3	0.8	1.9	0.7	328	337	22.6
080515	1720	4.1	0.7	3.5	0.9	2	0.9	328	337	23.6
080515	1730	5	0.7	4.8	0.8	3.3	0.8	334	338	25.7
080515	1740	3.6	0.5	3.3	0.7	2.7	0.8	332	338	25.1
080515	1750	3.5	0.6	3.2	0.6	2.1	0.7	334	340	23.6
080515	1800	3.2	0.7	2.9	0.8	2.2	0.9	335	340	23.1
080515	1810	3.2	0.8	3	1	2.5	0.8	337	341	25.2
080515	1820	4.6	1	4.3	1.1	3.6	1.2	343	345	29.1
080515	1830	2.6	1	2.7	0.9	2.4	1	341	345	29.9
080515	1840	2	1.7	1.9	1.7	1.6	1.6	334	341	28.5
080515	1850	4.1	0.8	3.7	0.7	2.6	0.8	325	334	29.4
080515	1900	4	0.6	3.8	0.5	2.8	0.7	324	335	30.7
080515	1910	3.4	0.8	3.2	0.9	2.4	1	326	335	32.2
080515	1920	1.9	0.4	1.8	0.5	0.9	0.5	327	337	32.6
080515	1930	1.6	0.4	1.6	0.4	1.3	0.6	326	336	32.9
080515	1940	1.5	0.4	1.3	0.4	0.5	0.3	326	338	32.7
080515	1950	1	0.5	0.9	0.5	0.5	0.3	328	339	32.6
080515	2000	0.5	0.3	0.5	0.3	0.4	0.1	327	337	32.2
080515	2010	1.1	0.4	1	0.4	0.5	0.3	327	316	32.3
080515	2020	2.1	2.1	2.2	1.8	1.7	1.6	332	329	32.8
080515	2030	5.1	1	4.8	1	4.2	1	345	346	34.8
080515	2040	3	0.5	2.7	0.5	2.1	0.6	346	347	35.5
080515	2050	2.9	0.5	2.8	0.5	2.1	0.5	346	348	35.6
080515	2100	2.5	0.9	2.3	0.8	1.7	0.7	339	343	35.7
080515	2110	3	1.1	3	1	2.3	1	335	340	35.9
080515	2120	3.3	1.1	3.5	0.9	2.7	0.6	324	335	37.2
080515	2130	3	0.4	3	0.4	2.1	0.4	326	336	43.2
080515	2140	0.9	0.8	0.9	0.9	0.9	0.8	328	338	43.2
080515	2150	1.1	0.6	1.4	0.8	1.1	0.6	324	335	42
080515	2200	2.2	0.4	1.9	0.6	1.4	0.8	2	349	43.2
080515	2210	2.4	0.4	1.5	0.4	0.8	0.5	283	293	43.9
080515	2220	2.1	0.3	1.3	0.4	0.9	0.4	331	331	43.5
080515	2230	1.1	0.7	0.7	0.5	0.4	0.3	287	238	43.3
080515	2240	0.8	0.5	0.3	0.1	0.4	0.1	295	254	43.2
080515	2250	2.6	0.8	1.4	1	0.8	0.7	331	336	43
080515	2300	3.1	0.7	2.6	0.7	1.4	0.8	334	338	42
080515	2310	1.3	0.6	0.5	0.3	0.4	0.2	336	340	42.2
080515	2320	0.3	0	0.3	0	0.5	0.4	336	340	42.1
080515	2330	1	0.4	0.9	0.3	0.9	0.4	339	344	41.8
080515	2340	0.6	0.3	0.6	0.2	0.4	0.2	340	345	41.8
080515	2350	1	0.3	1.2	0.3	0.9	0.4	340	344	42.1
080615	0000	1.3	0.3	0.3	0.1	0.3	0	338	344	41.9
080615	0010	1.4	0.3	0.3	0	0.3	0	329	344	41.8
080615	0020	1	0.5	0.3	0	0.3	0	309	344	41.7
080615	0030	0.9	0.2	0.3	0	0.3	0	310	344	41.5
080615	0040	1.8	0.3	0.3	0.1	0.3	0	308	344	41.2
080615	0050	2.1	0.2	0.6	0.3	0.3	0	310	344	41.2
080615	0100	2.3	0.2	1.3	0.2	0.3	0.1	313	316	41.5
080615	0110	2.5	0.3	1.5	0.4	0.3	0.1	312	314	41.4
080615	0120	2.6	0.3	1.6	0.3	0.5	0.3	316	320	41.2
080615	0130	2.2	0.4	1.5	0.4	0.5	0.4	316	321	41.1
080615	0140	3.3	0.4	2.4	0.4	1.2	0.4	314	321	40.8
080615	0150	3.1	0.5	2.2	0.4	1.5	0.5	318	326	40.7
080615	0200	3.3	0.6	2.6	0.6	2.2	0.6	323	328	40.8
080615	0210	3.3	0.5	2.6	0.6	1.9	0.7	325	331	40.8
080615	0220	3.2	0.5	2.6	0.5	1.7	0.7	325	332	40.9
080615	0230	3.4	0.5	2.7	0.5	1.8	0.6	326	333	41
080615	0240	3.7	0.4	2.9	0.4	2.2	0.4	325	332	41.1
080615	0250	3.8	0.6	3	0.7	2.4	0.7	323	329	41.2
080615	0300	3.7	0.5	3.1	0.6	2.6	0.5	324	330	41.2
080615	0310	4.2	0.5	3.6	0.5	3	0.5	323	330	41.3
080615	0320	3.9	0.6	3.2	0.6	2.6	0.5	325	332	41.4
080615	0330	4.1	0.5	3.2	0.5	2.2	0.5	325	333	41.6
080615	0340	3.5	0.6	2.7	0.8	1.7	0.6	325	334	41.8
080615	0350	3.4	0.5	2.8	0.5	2.3	0.5	325	331	42
080615	0400	3.5	0.6	2.8	0.6	2.2	0.5	324	331	42
080615	0410	3	0.6	2.6	0.6	2	0.5	324	330	42.2
080615	0420	3.5	0.7	2.8	0.6	2.2	0.6	321	327	42.3
080615	0430	2.2	0.6	1.8	0.6	1.5	0.6	317	325	42.3
080615	0440	2.9	0.7	2.2	0.8	1.5	0.9	315	321	42.5
080615	0450	3.4	0.6	2.8	0.5	2.2	0.6	315	322	42.9
080615	0500	3.4	0.8	2.9	0.7	2.3	0.8	314	321	43.2
080615	0510	3.2	0.5	2.5	0.6	1.9	0.6	311	318	43.3
080615	0520	2.9	0.5	2.4	0.5	1.7	0.6	315	322	43.4
080615	0530	2.8	0.4	2.3	0.4	1.8	0.4	316	324	43.3
080615	0540	2.6	0.4	1.8	0.5	1.2	0.6	313	322	43.3
080615	0550	2.7	0.6	2.2	0.7	1.4	0.8	313	321	43.3
080615	0600	2.7	0.6	2.2	0.5	1.4	0.7	312	320	43.2
080615	0610	2	0.4	1.3	0.4	0.6	0.4	302	318	43.2
080615	0620	2.8	0.8	2.1	0.8	1.4	0.8	299	312	43.4
080615	0630	2.9	0.5	2.3	0.6	1.5	0.7	261	284	43.7
080615	0640	3.1	0.3	2.6	0.4	1.7	0.6	245	280	44
080615	0650	3.2	0.4	2.6	0.5	1.3	0.7	238	276	44.3
080615	0700	2.9	0.4	2.1	0.6	1.1	0.5	233	266	44.5
080615	0710	2.6	0.4	1.7	0.5	0.6	0.4	239	280	44.7
080615	0720	2	0.3	1.5	0.5	0.6	0.4	180	233	44.8
080615	0730	2	0.4	1.5	0.6	0.6	0.5	223	254	45
080615	0740	2.3	0.2	1.7	0.4	0.8	0.5	236	268	45.2
080615	0750	2.2	0.4	1.7	0.6	0.8	0.6	213	251	45.3
080615	0800	2.4	0.4	2	0.5	1.1	0.6	153	229	45.3
080615	0810	2	0.6	1.3	0.6	0.5	0.3	178	190	45.3
080615	0820	2.7	0.4	1.9	0.4	0.8	0.6	355	150	46.3
080615	0830	2.2	0.3	1.5	0.4	0.7	0.5	24	175	46.3
080615	0840	2	0.3	1.2	0.4	0.5	0.3	63	190	46.2
080615	0850	1.2	0.5	1.1	0.4	0.5	0.3	146	226	46.1
080615	0900	1.3	0.5	0.7	0.3	0.4	0.1	94	184	45.9
080615	0910	1.7	0.4	0.9	0.4	0.4	0.1	343	64	45.5
080615	0920	0.6	0.3	0.5	0.3	0.4	0.1	55	83	45.4
080615	0930	1.1	0.6	0.9	0.5	0.4	0.2	248	77	44.7
080615	0940	1.2	0.6	0.6	0.4	0.4	0.2	32	135	43.2
080615	0950	0.9	0.5	0.6	0.4	0.5	0.3	205	201	41.6
080615	1000	1.5	0.5	0.9	0.5	0.9	0.5	276	288	42.2
080615	1010	2.2	0.6	1.7	0.7	1.2	0.7	319	324	41.4
080615	1020	2.9	0.6	2.6	0.7	2.2	0.8	317	324	41.2
080615	1030	3.1	0.4	3	0.5	2.8	0.4	319	327	41.2
080615	1040	2.8	0.4	2.6	0.6	2.2	0.6	323	329	40.6
080615	1050	3.6	0.5	3.2	0.5	2.8	0.7	325	333	40.4
080615	1100	3.5	0.6	2.9	0.7	2.7	0.5	325	333	40
080615	1110	3.4	0.6	2.9	0.8	2.6	0.8	326	333	39.8
080615	1120	2.8	0.6	2.3	0.7	2.2	0.6	326	334	39.5
080615	1130	2	0.6	1.5	0.7	1	0.7	326	335	38.9
080615	1140	1.3	0.7	1.1	0.6	0.8	0.6	328	335	38.5
080615	1150	1.3	0.7	1.1	0.8	1	0.8	322	329	38.5
080615	1200	2.4	0.6	2	0.6	2	0.7	323	329	38.2
080615	1210	2.2	0.7	1.8	0.6	1.8	0.8	325	333	37.6
080615	1220	2.2	0.6	1.5	0.8	1.5	0.7	326	333	36.2
080615	1230	1.8	0.6	1.3	0.7	1	0.7	326	335	34.4
080615	1240	1.6	0.8	1.1	0.8	0.9	0.7	326	336	33.2
080615	1250	1.8	0.7	1.4	0.6	1.3	0.7	326	334	33.5
080615	1300	1.8	0.9	1.3	0.8	1	0.8	326	334	33.4
080615	1310	2.2	0.7	1.5	0.8	1.2	0.6	326	336	33.7
080615	1320	1.9	0.8	1.3	0.9	1.1	0.8	323	331	33.9
080615	1330	2.1	0.4	1.7	0.5	1.4	0.6	321	327	33.9
080615	1340	2.1	0.7	1.7	0.8	0.9	0.6	324	331	33.4
080615	1350	2.7	0.5	2.2	0.6	2	0.7	322	330	33
080615	1400	2.8	0.4	2.4	0.5	2.1	0.6	325	333	32.7
080615	1410	2.8	0.6	2.2	0.8	1.8	0.8	324	334	32.2
080615	1420	3	0.8	2.5	0.9	2.1	0.9	324	333	31
080615	1430	3	0.6	2.5	0.8	2.3	0.8	325	333	30.7
080615	1440	2.6	0.5	2.1	0.8	2	0.7	325	335	30.3
080615	1450	2.1	0.6	1.6	0.7	1.3	0.7	325	336	29
080615	1500	2.4	0.5	1.9	0.8	1.7	0.8	326	334	28.5
080615	1510	2.2	0.6	1.8	0.8	1.4	0.8	327	338	28.7
080615	1520	2.8	0.5	2.4	0.8	1.9	0.6	325	336	28.2
080615	1530	2.8	0.7	2.4	0.9	2.1	0.9	323	331	28.8
080615	1540	2.3	0.5	1.9	0.5	1.6	0.6	327	338	29
080615	1550	3.1	0.6	2.4	0.7	1.6	0.6	325	337	28.2
080615	1600	2.6	0.5	2	0.6	1.6	0.7	328	338	27.5
080615	1610	2.5	0.4	1.9	0.6	1.9	0.7	328	337	27.5
080615	1620	2.5	0.5	1.6	0.7	1.2	0.8	326	337	26.7
080615	1630	2.5	0.6	1.8	0.7	1.7	0.7	327	336	27.1
080615	1640	3.3	0.8	2.8	0.8	2.1	1	325	335	28.1
080615	1650	4.3	0.8	3.5	1	2.5	1	325	335	28.6
080615	1700	6.5	1.2	5.8	1.2	4.5	1.2	329	337	31.2
080615	1710	6.1	0.6	5.4	0.8	3.7	1.1	328	337	32.7
080615	1720	6.5	0.9	5.8	0.9	3.7	1	328	337	33
080615	1730	6.2	0.8	5.4	0.9	4.2	1	330	337	34.3
080615	1740	5.7	0.7	5.2	0.8	2.9	0.9	328	337	35.2
080615	1750	5.6	0.8	4.9	0.8	3.1	1	327	337	35.4
080615	1800	4.9	0.6	4.4	0.7	3.5	0.9	329	337	35.4
080615	1810	5.1	0.7	4.5	0.8	3.5	0.8	330	337	34.8
080615	1820	4.5	0.6	3.7	0.7	3.1	0.6	332	338	34.7
080615	1830	5	1	4.6	0.9	3.6	1.1	333	338	34.6
080615	1840	4.7	0.9	4.2	0.9	2.9	0.9	334	338	34.3
080615	1850	4	0.8	3.5	0.8	2.5	0.8	334	339	35.3
080615	1900	4.3	0.7	3.6	0.8	2.4	0.9	334	340	35.8
080615	1910	3.8	0.6	3.1	0.7	1.9	0.7	335	342	36
080615	1920	3.9	0.6	3.3	0.6	2.3	0.9	338	344	36.6
080615	1930	3.8	0.4	3.6	0.5	2.8	0.6	341	344	37.2
080615	1940	5.8	0.6	5.7	0.6	4.8	0.7	341	345	39.3
080615	1950	4.3	0.9	4.2	0.9	3.7	0.9	343	346	41.3
080615	2000	3.5	0.6	3.3	0.7	2.7	0.9	346	347	41.3
080615	2010	4.1	0.4	3.8	0.4	3.3	0.5	346	347	41.7
080615	2020	4.6	0.5	4.2	0.5	3.6	0.6	346	347	42
080615	2030	4.5	0.5	4	0.5	3.4	0.7	346	347	42.2
080615	2040	4	0.4	3.2	0.6	2.9	0.6	346	347	42.5
080615	2050	3.7	0.6	2.8	0.7	2.4	0.6	347	348	42.5
080615	2100	3.6	0.7	2.7	0.8	1.7	1	348	357	42.7
080615	2110	3.2	0.6	2.4	0.6	2.3	0.5	347	348	43.3
080615	2120	3.5	0.6	2.6	0.6	2.2	0.6	347	348	43.3
080615	2130	3.7	0.5	2.7	0.7	2.1	0.6	346	348	43.5
080615	2140	3.9	0.6	2.5	0.7	1.5	0.9	347	3	43.5
080615	2150	4.6	0.6	3	0.6	1.6	0.8	348	14	43.7
080615	2200	4	0.7	2.6	0.7	1.4	0.7	2	6	43.8
080615	2210	3.5	0.5	2.5	0.6	1.5	0.7	50	175	43.7
080615	2220	3.6	0.6	2.2	0.7	1.3	0.8	28	184	43.6
080615	2230	3.6	0.6	2.6	0.7	1.7	0.8	141	220	43.3
080615	2240	4.2	0.6	3.4	0.7	2.6	0.7	247	285	43
080615	2250	4	0.6	3	0.8	2.3	0.8	283	303	42.8
080615	2300	3.8	0.4	2.6	0.5	1.8	0.6	287	304	42.8
080615	2310	4.2	0.5	3.3	0.5	2.4	0.5	305	314	42.9
080615	2320	4.7	0.4	3.8	0.5	2.9	0.6	308	316	42.9
080615	2330	5	0.7	4.4	0.7	3.8	0.7	316	322	43.2
080615	2340	5.3	0.6	4.6	0.6	3.9	0.7	320	324	43.5
080615	2350	4.7	0.7	4.1	0.7	3.5	0.7	319	324	43.5
080715	0000	5.2	0.9	4.7	0.9	4	0.8	317	323	43.8
080715	0010	5.7	0.7	5.2	0.7	4.6	0.6	315	319	43.9
080715	0020	5.8	0.7	5.3	0.7	4.4	0.8	316	320	44.3
080715	0030	5.2	0.7	4.6	0.7	4	0.8	315	321	44.7
080715	0040	5.4	0.6	4.9	0.6	4.2	0.8	316	321	45.1
080715	0050	5.2	0.7	4.6	0.7	4.1	0.7	315	320	45.2
080715	0100	4.5	0.5	3.7	0.5	3.2	0.7	315	321	45.3
080715	0110	3.9	0.5	2.9	0.6	2.6	0.8	310	317	45.3
080715	0120	3.7	0.6	2.8	0.7	2.4	0.6	308	315	45.3
080715	0130	3.4	0.4	2.4	0.5	1.9	0.4	314	322	45.1
080715	0140	3.3	0.4	2.6	0.5	2	0.5	318	325	44.8
080715	0150	2.9	0.5	2.2	0.6	1.8	0.6	317	325	44.8
080715	0200	2.8	0.5	2.1	0.5	1.4	0.6	315	322	45
080715	0210	2.9	0.6	1.8	0.8	1.4	0.6	309	318	45.2
080715	0220	2.6	0.4	1.3	0.6	0.8	0.5	293	309	45.2
080715	0230	2.4	0.4	1.1	0.6	0.5	0.4	274	301	45.1
080715	0240	2.5	0.4	1.5	0.5	1	0.5	290	307	45
080715	0250	2.4	0.3	0.9	0.4	0.4	0.2	297	313	44.8
080715	0300	2.8	0.3	1.6	0.4	0.8	0.4	306	315	44.7
080715	0310	2.7	0.2	1.7	0.4	1	0.4	311	318	44.6
080715	0320	3.2	0.3	2.4	0.3	1.5	0.3	315	319	44.5
080715	0330	3.3	0.3	2.1	0.4	1.2	0.5	312	320	44.5
080715	0340	2.9	0.3	1.7	0.4	0.8	0.5	301	311	44.4
080715	0350	2.5	0.3	1	0.4	0.4	0.1	295	309	44.4
080715	0400	1.3	0.7	0.4	0.3	0.3	0	283	308	44.4
080715	0410	1	0.4	0.3	0	0.3	0	287	309	44.3
080715	0420	1.3	0.4	0.3	0	0.3	0	287	309	44.4
080715	0430	0.7	0.3	0.3	0	0.3	0	288	309	44.4
080715	0440	1.1	0.3	0.3	0	0.3	0	292	310	44.5
080715	0450	0.3	0	0.3	0	0.3	0	292	310	44.4
080715	0500	0.3	0	0.3	0	0.3	0	293	309	44.5
080715	0510	0.3	0.1	0.3	0.1	0.3	0	292	309	44.5
080715	0520	1.2	0.2	0.8	0.3	0.4	0.1	279	305	44.5
080715	0530	0.6	0.3	0.3	0	0.3	0	284	309	44.7
080715	0540	0.3	0	0.3	0	0.3	0	286	310	44.7
080715	0550	1	0.4	0.3	0	0.3	0	286	310	44.6
080715	0600	1.6	0.2	0.4	0.2	0.3	0	286	310	44.5
080715	0610	2.1	0.2	0.8	0.3	0.3	0	282	309	44.4
080715	0620	1.9	0.3	0.8	0.3	0.3	0	285	309	44.4
080715	0630	2.2	0.3	0.8	0.3	0.3	0	271	309	44.4
080715	0640	2	0.6	0.8	0.4	0.3	0	20	226	44.3
080715	0650	2.4	0.5	1.7	0.6	0.6	0.4	150	218	44.4
080715	0700	2.3	0.4	1.1	0.4	0.5	0.2	351	235	44.5
080715	0710	2.3	0.3	1.9	0.3	1.4	0.5	349	349	44.7
080715	0720	2.5	0.3	1.5	0.5	0.6	0.4	350	349	44.8
080715	0730	2	0.2	0.9	0.3	0.3	0.1	351	350	44.9
080715	0740	2.6	0.4	1.5	0.4	0.4	0.2	188	319	44.8
080715	0750	3	0.2	2	0.3	0.4	0.2	268	256	44.8
080715	0800	3	0.2	2.1	0.4	0.6	0.4	248	243	44.7
080715	0810	3.1	0.2	2.5	0.3	0.9	0.5	251	262	44.7
080715	0820	2.4	0.4	1.8	0.4	0.5	0.3	238	268	44.7
080715	0830	2.2	0.4	1.2	0.4	0.4	0.2	42	138	44.7
080715	0840	2.9	0.3	2.2	0.6	1.2	0.6	348	349	44.9
080715	0850	2.8	0.4	1.9	0.5	0.9	0.5	348	349	45.1
080715	0900	2.4	0.7	1.5	0.6	0.5	0.3	348	348	45.2
080715	0910	1.2	0.5	0.8	0.3	0.4	0.2	348	348	45.1
080715	0920	1.8	0.4	1.4	0.4	0.6	0.4	348	348	45.1
080715	0930	1.2	0.4	1.3	0.3	0.6	0.3	349	348	45.2
080715	0940	1.6	0.4	1	0.4	0.4	0.2	349	349	45
080715	0950	2.4	0.7	1.8	0.7	0.8	0.6	349	350	44.9
080715	1000	3	0.4	2.4	0.4	1.2	0.7	350	352	45.1
080715	1010	2.9	0.4	2.3	0.6	0.9	0.6	343	24	45
080715	1020	2.9	0.6	2.4	0.5	0.9	0.5	341	28	45
080715	1030	2.3	0.5	1.9	0.5	0.6	0.5	342	5	44.9
080715	1040	1.7	0.5	1.5	0.5	0.5	0.4	340	15	44.7
080715	1050	1.1	0.7	1.1	0.6	0.4	0.3	349	0	44.3
080715	1100	1.6	0.5	1.3	0.5	0.5	0.3	350	351	43.9
080715	1110	1.6	0.6	1.4	0.6	0.8	0.5	349	6	43.5
080715	1120	2	0.5	1.6	0.5	0.8	0.5	343	30	42.7
080715	1130	1.1	0.5	1.2	0.4	0.5	0.3	342	12	41.8
080715	1140	0.9	0.4	1	0.4	0.4	0.2	355	358	40.7
080715	1150	1.1	0.5	1.5	0.6	0.9	0.6	41	147	39.9
080715	1200	1	0.5	1.2	0.5	0.9	0.5	29	226	38.7
080715	1210	1.8	0.5	2.1	0.5	1.6	0.7	197	241	38.4
080715	1220	1.4	0.6	1.7	0.6	1	0.7	266	283	37.7
080715	1230	2.3	1.2	2.4	0.9	2.1	1	307	318	37.2
080715	1240	3.1	0.6	3	0.7	2.5	0.7	315	322	36.9
080715	1250	3.4	0.6	3.2	0.6	2.8	0.6	320	326	36.3
080715	1300	2.8	0.7	2.7	0.7	2.5	0.6	323	329	36.3
080715	1310	2.2	0.7	2	0.6	1.4	0.7	327	336	35.8
080715	1320	1.8	1	2	0.9	1.6	1	323	330	35.2
080715	1330	2.2	0.7	2.1	0.5	1.7	0.7	325	332	35.3
080715	1340	1.9	0.8	1.8	0.8	1.4	0.8	325	332	35
080715	1350	1.4	0.9	1.5	0.8	1.2	0.8	325	332	34.4
080715	1400	1.8	0.7	1.8	0.6	1.2	0.7	313	318	33.5
080715	1410	2	0.6	1.9	0.5	1.4	0.7	313	319	33
080715	1420	2.7	0.5	2.4	0.6	1.7	0.9	323	329	33.1
080715	1430	1.8	0.9	1.6	0.8	1	0.7	327	334	32.8
080715	1440	1.1	0.5	1.1	0.6	0.7	0.5	323	330	31.9
080715	1450	1	0.6	1	0.6	0.4	0.3	325	332	30.2
080715	1500	1.2	0.5	1	0.4	0.5	0.3	324	332	29.5
080715	1510	1.7	0.6	1.5	0.7	0.7	0.6	326	337	30.2
080715	1520	2.3	0.5	2.2	0.5	1.9	0.6	326	335	31
080715	1530	6	1.5	5.6	1.5	4.4	1.5	323	332	32.9
080715	1540	7.5	0.8	6.7	0.8	5.1	0.9	324	331	36.5
080715	1550	6.3	0.8	5.5	1	3.9	0.9	325	333	38.2
080715	1600	4.6	0.6	3.4	0.8	2.5	0.7	323	334	38.9
080715	1610	3.9	0.5	3.1	0.7	1.5	0.7	325	337	38
080715	1620	3.1	0.4	2	0.6	1.7	0.7	325	333	37.1
080715	1630	2.8	0.4	1.6	0.5	0.6	0.4	323	337	35.9
080715	1640	3.4	0.4	2.9	0.8	2.4	1.1	317	326	35.2
080715	1650	4.5	0.8	4.2	0.6	3.6	0.5	307	317	36
080715	1700	5.1	0.8	4.7	0.9	4	0.9	296	307	38.2
080715	1710	4.8	0.9	4.4	0.8	3.7	0.7	314	319	40.6
080715	1720	4	0.6	3.7	0.6	3.2	0.5	318	323	41.8
080715	1730	4.2	0.5	3.7	0.6	2.6	0.9	286	301	42.4
080715	1740	4.4	0.6	3.9	0.7	2.6	0.7	255	283	43.2
080715	1750	4.4	0.7	3.6	0.8	2.2	0.9	225	272	43.5
080715	1800	6.2	0.8	5.5	0.8	4.1	0.9	148	227	44.2
080715	1810	5.9	0.8	5	0.9	3.8	0.8	195	249	45.5
080715	1820	5.1	0.6	3.8	0.7	2.1	0.9	352	22	46.3
080715	1830	5.9	0.8	4.9	1	3.4	1.3	187	215	46.4
080715	1840	5.1	0.9	4.5	1	3.3	1.1	172	248	46.2
080715	1850	4.8	0.7	4	0.7	2.6	0.8	161	199	46.3
080715	1900	4.4	0.8	3.5	1	2.4	1.1	28	163	46.3
080715	1910	4	0.6	2.8	0.7	1.4	0.7	359	10	46
080715	1920	3.9	0.6	2.7	0.8	1.2	0.9	2	349	45.5
080715	1930	4.2	0.7	3.6	0.8	2.2	1.1	34	195	45.2
080715	1940	4.3	0.5	3.2	0.7	1.6	0.9	5	162	45
080715	1950	3.9	0.9	3.4	0.8	2.1	0.9	185	240	45
080715	2000	2.5	0.6	2.2	0.6	1.1	0.7	241	284	44.9
080715	2010	2.4	0.5	2	0.7	1.1	0.8	239	293	44.8
080715	2020	1.8	0.6	1.6	0.5	0.5	0.3	208	256	44.7
080715	2030	0.7	0.5	0.6	0.5	0.3	0.1	329	202	44.6
080715	2040	0.3	0	0.3	0	0.3	0	16	102	44.4
080715	2050	0.3	0	0.3	0	0.3	0	16	100	44.1
080715	2100	0.5	0.3	0.5	0.2	0.3	0	213	188	44
080715	2110	0.8	0.5	1	0.5	0.4	0.2	272	239	43.9
080715	2120	2.4	0.7	2.1	0.6	0.6	0.4	312	329	44
080715	2130	2	0.7	1.9	0.7	0.5	0.4	327	336	44.3
080715	2140	0.4	0.3	0.5	0.3	0.3	0	327	337	44.3
080715	2150	0.3	0	0.3	0	0.3	0	328	337	44.4
080715	2200	0.3	0	0.3	0	0.3	0	329	337	44.4
080715	2210	0.3	0	0.3	0	0.3	0	329	338	44.3
080715	2220	0.3	0	0.3	0	0.3	0	329	337	44.3
080715	2230	0.3	0.1	0.3	0	0.3	0	328	337	44.2
080715	2240	0.3	0	0.3	0.1	0.3	0	328	337	44.2
080715	2250	0.3	0	0.3	0	0.3	0	328	337	44.3
080715	2300	0.3	0.1	0.3	0	0.3	0	328	337	44.3
080715	2310	1.1	0.3	0.7	0.3	0.3	0	325	336	44.2
080715	2320	1.3	0.4	0.8	0.2	0.3	0	313	335	44.4
080715	2330	2	0.6	1.1	0.5	0.3	0.1	309	331	44.3
080715	2340	2.8	0.2	2	0.2	0.4	0.2	275	331	44.2
080715	2350	2.1	0.3	1	0.5	0.3	0	275	333	44.1
080815	0000	0.7	0.5	0.4	0.2	0.3	0	285	333	44.1
080815	0010	1.8	0.3	1.4	0.3	0.5	0.2	312	332	44.2
080815	0020	1.5	0.3	1.1	0.2	0.3	0	292	332	44.3
080815	0030	2.2	0.3	1.2	0.4	0.3	0.1	181	218	44.1
080815	0040	1.5	0.5	1	0.6	0.4	0.2	305	312	44.1
080815	0050	0.9	0.5	0.4	0.2	0.3	0	316	326	44.1
080815	0100	1.8	0.6	1.4	0.6	0.4	0.2	320	329	44.4
080815	0110	2.5	0.8	2.1	0.7	1.2	0.6	322	329	44.2
080815	0120	2.4	0.6	2.1	0.4	1.3	0.5	323	329	43.9
080815	0130	1.4	0.7	1.4	0.5	0.6	0.5	327	332	43.8
080815	0140	1.1	0.5	1.1	0.4	0.3	0	328	333	43.8
080815	0150	0.6	0.4	0.7	0.4	0.3	0	327	332	43.9
080815	0200	0.9	0.5	1.2	0.2	0.3	0	324	329	43.9
080815	0210	1.3	0.4	1.4	0.3	0.3	0	321	326	44.2
080815	0220	2.4	0.3	2	0.3	0.5	0.3	317	326	44.2
080815	0230	2.6	0.2	1.9	0.3	0.4	0.1	312	314	44.4
080815	0240	2.5	0.3	1.7	0.3	0.4	0.1	312	314	44.6
080815	0250	2.3	0.2	1.4	0.3	0.3	0	307	315	44.6
080815	0300	2.6	0.3	2	0.3	0.4	0.1	294	309	44.6
080815	0310	2.1	0.5	1.5	0.4	0.3	0	296	303	44.6
080815	0320	1.7	0.4	1.2	0.4	0.3	0	294	303	44.7
080815	0330	2	0.2	1.6	0.3	0.3	0.1	292	302	44.6
080815	0340	1.4	0.3	1	0.4	0.3	0	284	300	44.5
080815	0350	1.7	0.3	1.2	0.4	0.3	0	232	279	44.5
080815	0400	1.9	0.7	1.4	0.5	0.4	0.1	155	248	44.7
080815	0410	0.6	0.3	0.5	0.3	0.3	0	116	247	44.7
080815	0420	0.7	0.4	0.6	0.4	0.3	0	224	249	44.7
080815	0430	0.8	0.5	0.5	0.3	0.3	0	260	252	44.8
080815	0440	1.8	0.6	1.3	0.5	0.3	0	243	259	44.9
080815	0450	2.1	0.3	1.3	0.3	0.3	0	265	279	44.8
080815	0500	1.9	0.3	1.2	0.4	0.3	0	273	282	44.8
080815	0510	1.9	0.2	0.9	0.2	0.3	0	270	283	44.8
080815	0520	1.8	0.3	0.8	0.3	0.3	0	286	284	44.7
080815	0530	1.7	0.4	0.7	0.4	0.3	0	302	299	44.8
080815	0540	1	0.4	0.4	0.2	0.3	0	302	310	44.8
080815	0550	0.7	0.3	0.4	0.1	0.3	0	304	309	44.7
080815	0600	1.1	0.4	0.5	0.2	0.3	0	306	310	44.7
080815	0610	1.3	0.3	0.5	0.2	0.3	0	301	311	44.6
080815	0620	1.2	0.3	0.5	0.2	0.3	0	294	307	44.4
080815	0630	0.9	0.5	0.4	0.2	0.3	0	285	305	44.3
080815	0640	1.2	0.5	0.4	0.2	0.3	0	286	306	44.6
080815	0650	1.6	0.2	0.4	0.2	0.3	0	287	307	44.6
080815	0700	1.8	0.3	0.9	0.3	0.3	0	285	305	44.7
080815	0710	1.9	0.2	1.2	0.2	0.3	0	282	302	44.7
080815	0720	2.1	0.2	1	0.2	0.3	0	287	304	44.6
080815	0730	2	0.2	1	0.3	0.3	0.1	289	305	44.6
080815	0740	1.6	0.2	1.1	0.2	0.3	0	289	304	44.6
080815	0750	1.9	0.2	1.4	0.2	0.3	0	286	286	44.7
080815	0800	2.5	0.2	1.8	0.3	0.3	0.1	293	286	44.6
080815	0810	2.7	0.3	1.6	0.3	0.3	0	303	300	44.5
080815	0820	2.5	0.3	1.4	0.3	0.3	0	308	304	44.4
080815	0830	2.6	0.3	1.6	0.3	0.3	0	298	303	44.4
080815	0840	2.2	0.4	1.3	0.4	0.3	0	293	293	44.3
080815	0850	2.4	0.4	1.5	0.3	0.3	0.1	295	295	44.1
080815	0900	2.8	0.6	1.7	0.5	0.5	0.4	308	313	43.9
080815	0910	3.1	0.5	2	0.4	0.6	0.3	317	322	43.5
080815	0920	2.9	0.4	1.8	0.3	0.4	0.2	311	315	43
080815	0930	3.1	0.4	2	0.5	0.6	0.4	314	319	42.6
080815	0940	3	0.4	2.2	0.5	1	0.6	312	318	42.4
080815	0950	3.2	0.4	2.4	0.5	1.2	0.6	306	315	42
080815	1000	2.6	0.6	1.8	0.6	0.8	0.6	303	316	41.8
080815	1010	2.4	0.5	1.7	0.6	0.6	0.3	313	321	41.4
080815	1020	2.7	0.6	2.1	0.6	1.3	0.7	312	318	41
080815	1030	2.8	0.5	2.2	0.6	1.8	0.6	311	319	40.5
080815	1040	2.8	0.6	2.1	0.6	1.1	0.7	300	315	40.1
080815	1050	2.7	0.4	1.8	0.5	0.9	0.5	300	311	39.9
080815	1100	2.7	0.5	2.2	0.5	1.4	0.7	296	312	39.7
080815	1110	2.9	0.4	2.3	0.5	1.3	0.7	297	312	39.4
080815	1120	3.1	0.5	2.5	0.5	1.7	0.6	293	311	39.2
080815	1130	3.6	0.5	2.8	0.6	1.7	0.8	263	294	39.3
080815	1140	3.4	0.5	2.7	0.6	1.3	0.8	236	277	39.3
080815	1150	3.5	0.5	2.9	0.6	1.2	0.8	260	289	39.3
080815	1200	3.3	0.6	2.4	0.7	0.8	0.7	269	292	39.4
080815	1210	2.6	0.6	1.9	0.7	0.6	0.5	253	275	39.5
080815	1220	2.1	0.5	1.3	0.4	0.3	0	267	288	39.7
080815	1230	1.5	0.6	0.9	0.5	0.4	0.2	290	307	39.5
080815	1240	1.7	0.6	1.5	0.6	0.4	0.3	293	316	39.1
080815	1250	1.1	0.7	0.9	0.5	0.3	0	302	316	38.8
080815	1300	0.4	0.1	0.5	0.3	0.3	0	294	314	38.3
080815	1310	0.3	0	0.3	0.1	0.3	0	298	316	37.8
080815	1320	0.3	0	0.3	0	0.3	0	298	316	36.5
080815	1330	1.3	1	1.2	0.9	0.6	0.5	291	315	35.5
080815	1340	2.3	1	2.1	0.9	1.3	0.8	299	310	35.6
080815	1350	2.2	0.7	2	0.6	0.7	0.7	314	321	34.9
080815	1400	2.1	0.5	2	0.5	1.1	0.7	312	319	33.7
080815	1410	2	0.4	1.6	0.5	0.9	0.5	318	325	33.3
080815	1420	1.8	0.5	1.3	0.6	0.7	0.5	303	315	32.6
080815	1430	3	0.6	2.8	0.7	2.5	1	308	318	32.8
080815	1440	3.2	0.4	3.1	0.4	2.7	0.6	305	317	33
080815	1450	3	0.7	2.7	0.7	2.5	0.7	318	326	32.9
080815	1500	2.5	0.4	2.1	0.5	2	0.5	314	322	32.2
080815	1510	2.9	0.5	2.5	0.6	2.1	0.8	308	315	31.9
080815	1520	3.3	0.5	2.9	0.6	2.6	0.8	309	318	31.8
080815	1530	3.5	0.5	3.1	0.6	2.8	0.5	307	316	31.7
080815	1540	3.3	1	2.9	0.9	2.8	0.8	306	317	31.1
080815	1550	3.3	0.5	3	0.6	2.6	0.7	308	317	30.6
080815	1600	3.4	0.4	3.2	0.4	2.9	0.5	318	324	31
080815	1610	3	0.7	2.6	0.5	2.5	0.6	317	324	30.5
080815	1620	3.1	0.4	2.8	0.5	2.6	0.5	315	323	29.7
080815	1630	3.1	0.6	2.8	0.7	2.4	0.6	319	325	29.5
080815	1640	3.7	0.4	3.3	0.5	3	0.5	323	330	29.1
080815	1650	3.7	0.5	3.4	0.5	2.9	0.6	323	331	28.1
080815	1700	2.9	0.5	2.6	0.5	2.3	0.6	319	327	26.5
080815	1710	2.7	0.9	2.6	1.1	2.3	1	321	327	26
080815	1720	2.3	0.5	2	0.5	1.7	0.6	311	322	25.2
080815	1730	2.4	0.6	2.2	0.6	1.9	0.7	319	324	25.5
080815	1740	2.2	0.6	2.1	0.8	1.7	1	323	330	24.6
080815	1750	2.1	0.8	2	0.9	1.8	0.8	327	335	24.4
080815	1800	2.6	0.9	2.5	0.8	1.7	0.9	325	334	23.7
080815	1810	3.2	0.5	2.9	0.6	2.1	0.7	324	336	24.4
080815	1820	2.5	0.4	2.5	0.5	2.1	0.6	325	332	25.2
080815	1830	3.4	0.8	3.1	0.9	2.5	0.8	325	333	24.8
080815	1840	4.2	1.6	3.6	1.4	2.2	0.9	324	335	24.9
080815	1850	7	0.8	6.5	1	4	1.1	327	336	28.8
080815	1900	5.1	0.7	4.9	0.7	2.8	0.8	329	337	30.8
080815	1910	4.8	0.6	4.5	0.7	3.1	0.9	330	338	31
080815	1920	4.2	0.5	4	0.6	2.5	0.8	328	337	30.6
080815	1930	4.6	0.6	4.2	0.7	2.5	0.8	330	338	30.6
080815	1940	3.4	0.4	3	0.5	2.1	0.6	332	339	30.9
080815	1950	2.5	0.8	2.3	0.7	1.8	0.7	335	339	30.9
080815	2000	1.4	0.6	1	0.6	0.6	0.5	336	340	30.1
080815	2010	2.9	0.4	2.5	0.5	1.7	0.6	336	340	30.5
080815	2020	2.9	0.6	2.6	0.6	1.7	0.8	337	344	31.8
080815	2030	2.7	0.4	2	0.5	1.2	0.6	337	343	33.8
080815	2040	3.3	0.5	2.6	0.6	1	0.7	337	342	34.8
080815	2050	3.1	0.5	2.4	0.5	1.5	0.7	335	340	35.4
080815	2100	3.7	0.7	3.2	0.6	2	0.7	333	338	35.7
080815	2110	4	0.6	3.3	0.7	2.4	0.9	333	338	36.2
080815	2120	3.4	0.4	2.6	0.4	1.2	0.6	335	339	36.3
080815	2130	3.4	0.6	2.7	0.6	1.7	0.7	333	339	36.6
080815	2140	2.6	0.6	1.8	0.8	0.6	0.5	333	339	36.7
080815	2150	2.6	0.5	1.8	0.6	0.8	0.5	333	339	37.1
080815	2200	1.9	0.4	1.1	0.5	0.5	0.3	329	338	37.3
080815	2210	1.7	0.7	1	0.8	0.6	0.5	331	339	38.1
080815	2220	1.3	0.4	0.6	0.4	0.4	0.2	331	339	38.8
080815	2230	1.5	0.4	0.7	0.5	0.4	0.2	328	339	39
080815	2240	1	0.7	0.6	0.5	0.3	0	327	339	39.3
080815	2250	0.3	0.1	0.3	0	0.3	0	327	339	39.6
080815	2300	1.1	0.3	0.5	0.2	0.3	0	325	338	39.8
080815	2310	2	0.3	1.2	0.3	0.4	0.1	325	337	39.6
080815	2320	1.4	0.3	0.5	0.3	0.3	0	328	338	39.7
080815	2330	1.2	0.2	0.3	0.1	0.3	0	328	338	39.9
080815	2340	1.5	0.2	0.4	0.2	0.3	0	328	339	39.9
080815	2350	1.5	0.2	0.4	0.2	0.3	0.1	328	339	40.2
080915	0000	2.1	0.2	1.7	0.4	0.8	0.3	327	339	40.3
080915	0010	2.1	0.2	1.5	0.3	0.4	0.2	327	339	40.4
080915	0020	1.5	0.2	0.6	0.3	0.4	0.1	328	339	40
080915	0030	0.9	0.3	0.3	0	0.3	0	328	339	39.7
080915	0040	1	0.5	0.5	0.3	0.3	0	327	338	39.5
080915	0050	0.7	0.4	0.5	0.3	0.3	0.1	330	340	39.4
080915	0100	0.8	0.4	0.3	0	0.3	0	330	340	39.6
080915	0110	0.3	0.1	0.3	0	0.3	0	330	340	39.8
080915	0120	0.5	0.2	0.3	0	0.3	0	330	340	39.9
080915	0130	0.3	0	0.3	0	0.3	0	330	340	39.9
080915	0140	0.8	0.4	0.3	0	0.3	0	327	340	39.9
080915	0150	1.1	0.2	0.3	0	0.3	0	326	339	40
080915	0200	1	0.3	0.3	0	0.3	0	326	340	40.5
080915	0210	1.7	0.2	1.2	0.4	0.4	0.2	325	338	40.6
080915	0220	1.8	0.2	1.2	0.2	0.4	0.1	326	338	40.7
080915	0230	1.7	0.2	0.5	0.3	0.3	0	326	338	40.6
080915	0240	2.5	0.2	1.6	0.3	0.5	0.3	326	338	40.5
080915	0250	2.2	0.2	1.1	0.3	0.3	0	327	338	40.5
080915	0300	1.9	0.2	0.4	0.2	0.3	0	328	338	40.5
080915	0310	1.3	0.3	0.3	0	0.3	0	328	338	40.7
080915	0320	0.5	0.3	0.3	0	0.3	0	328	338	40.7
080915	0330	0.3	0	0.3	0	0.3	0	328	339	40.8
080915	0340	0.3	0	0.3	0	0.3	0	327	338	40.8
080915	0350	0.3	0	0.3	0	0.3	0	327	338	40.7
080915	0400	0.3	0	0.3	0	0.3	0	327	338	40.8
080915	0410	0.3	0	0.3	0	0.3	0	328	338	41.1
080915	0420	0.3	0	0.3	0	0.3	0	328	339	41
080915	0430	0.4	0.1	0.3	0	0.3	0	327	338	40.9
080915	0440	0.4	0.1	0.3	0	0.3	0	328	339	41.1
080915	0450	0.5	0.2	0.3	0	0.3	0	328	338	41.4
080915	0500	0.6	0.2	0.3	0	0.3	0	328	338	41.4
080915	0510	0.5	0.2	0.3	0.1	0.3	0	328	338	41.5
080915	0520	0.3	0.1	0.3	0	0.3	0	328	338	41.6
080915	0530	0.5	0.2	0.3	0	0.3	0	328	338	41.6
080915	0540	0.3	0	0.3	0	0.3	0	328	338	41.7
080915	0550	0.3	0	0.3	0	0.3	0	328	338	41.6
080915	0600	0.3	0	0.3	0	0.3	0	328	339	41.5
080915	0610	0.3	0	0.3	0	0.3	0	328	339	41.5
080915	0620	0.3	0	0.3	0	0.3	0	328	339	41.3
080915	0630	0.3	0	0.3	0	0.3	0	328	339	41.3
080915	0640	0.9	0.4	0.3	0	0.3	0	329	339	41.3
080915	0650	0.5	0.2	0.3	0	0.3	0	329	339	41.3
080915	0700	0.3	0	0.3	0	0.3	0	329	339	41.2
080915	0710	0.3	0	0.3	0	0.3	0	329	339	41.4
080915	0720	0.3	0	0.3	0	0.3	0	329	339	41.5
080915	0730	0.3	0	0.3	0	0.3	0	329	339	41.5
080915	0740	0.3	0	0.3	0	0.3	0	329	339	41.6
080915	0750	1	0.4	0.4	0.2	0.3	0	328	338	41.5
080915	0800	1.2	0.2	0.4	0.2	0.3	0	329	338	41.7
080915	0810	1.6	0.3	0.4	0.2	0.3	0	330	338	41.7
080915	0820	1	0.3	0.3	0	0.3	0	329	339	41.3
080915	0830	0.6	0.3	0.3	0	0.3	0	328	339	41.5
080915	0840	0.3	0	0.3	0	0.3	0	328	339	41.5
080915	0850	0.3	0	0.3	0	0.3	0	329	339	41.5
080915	0900	0.3	0	0.3	0	0.3	0	329	339	41.4
080915	0910	0.3	0	0.3	0	0.3	0	329	339	41.5
080915	0920	0.3	0	0.3	0	0.3	0	329	339	41.1
080915	0930	0.3	0	0.3	0	0.3	0	329	339	41.1
080915	0940	0.3	0	0.3	0	0.3	0	329	339	40.8
080915	0950	0.4	0.2	0.3	0	0.3	0	328	339	40.4
080915	1000	0.3	0	0.3	0	0.3	0	328	339	39.3
080915	1010	0.4	0.2	0.3	0	0.3	0	328	339	37.9
080915	1020	0.4	0.2	0.3	0	0.3	0	329	339	35.5
080915	1030	0.7	0.5	0.6	0.4	0.4	0.2	328	339	33.5
080915	1040	1.6	0.4	1.3	0.5	0.7	0.5	327	338	34.5
080915	1050	1.7	0.3	1.5	0.4	0.5	0.3	327	339	35.1
080915	1100	1.8	0.3	1.7	0.4	0.8	0.5	329	340	34.9
080915	1110	1.7	0.5	1.4	0.6	0.6	0.4	326	338	34
080915	1120	2.7	0.5	2.1	0.6	1.5	0.6	325	338	33.5
080915	1130	2.4	0.7	2.2	0.5	1.5	0.8	326	337	34.1
080915	1140	2.3	0.5	2	0.5	1	0.6	327	336	33.4
080915	1150	2.3	0.5	2	0.5	0.9	0.7	329	339	32.9
080915	1200	1.8	0.4	1.6	0.4	1.1	0.5	328	337	32.7
080915	1210	2.2	0.4	2.2	0.6	1.7	0.7	326	336	32.5
080915	1220	2.5	0.5	2.2	0.5	1.3	0.7	325	336	31.7
080915	1230	3.1	0.4	2.8	0.3	2.1	0.7	326	336	31
080915	1240	3.2	0.5	2.9	0.5	2.3	0.6	325	335	31
080915	1250	3.1	0.5	3	0.6	2.4	0.6	325	336	30.6
080915	1300	3.6	0.6	3.4	0.7	2	0.8	327	338	29.8
080915	1310	2.5	0.6	2.3	0.7	1.7	0.8	328	336	29.1
080915	1320	2.4	0.7	2.3	0.5	1.7	0.5	326	337	28.5
080915	1330	2	0.5	2	0.5	1.6	0.6	331	339	28.6
080915	1340	2.1	0.5	1.9	0.6	1.3	0.6	332	340	29
080915	1350	2.7	0.4	2.4	0.5	1.5	0.6	329	338	28.4
080915	1400	2.3	0.4	2.1	0.5	1.6	0.8	333	339	27.4
080915	1410	2.9	0.5	2.6	0.6	2.1	0.5	327	337	27.9
080915	1420	2.6	0.5	2.5	0.6	1.8	0.6	334	339	27.4
080915	1430	3.5	0.7	3.2	0.7	2.4	0.8	333	339	27.1
080915	1440	3.3	0.5	3	0.5	2.2	0.6	333	339	26.3
080915	1450	2.8	0.5	2.6	0.6	1.9	0.7	334	339	25.8
080915	1500	2.3	0.7	2	0.7	1.6	0.8	328	338	25.2
080915	1510	2.6	0.5	2.4	0.6	2	0.7	336	340	24.5
080915	1520	1.8	0.9	1.6	1	1.2	0.9	337	340	23.6
080915	1530	2.4	0.8	2.3	0.9	1.8	0.8	336	340	22.8
080915	1540	2.1	0.6	2	0.6	1.4	0.8	337	340	22.7
080915	1550	2	0.7	1.8	0.6	1.4	0.6	338	340	22.5
080915	1600	2.6	0.5	2.5	0.4	2	0.6	336	339	23
080915	1610	2.3	0.7	1.9	0.5	1.4	0.7	338	342	23
080915	1620	2.7	0.6	2.6	0.6	2.2	0.7	339	344	22.8
080915	1630	2.3	0.6	2	0.7	1.4	0.8	339	344	22.6
080915	1640	2.1	0.5	2	0.6	1.7	0.7	341	345	22
080915	1650	2	0.7	1.6	0.9	1.1	0.9	340	344	21.3
080915	1700	1.9	0.6	1.7	0.7	1.4	0.8	338	340	21
080915	1710	1.9	0.6	1.9	0.7	1.3	0.9	338	340	20.4
080915	1720	2	0.6	1.8	0.6	1.2	0.7	338	341	20.6
080915	1730	2.5	0.7	2.2	0.8	1.5	0.8	338	342	20
080915	1740	2	0.7	1.8	0.8	1.5	0.7	340	343	20.4
080915	1750	1.6	0.8	1.6	0.8	1.2	0.8	341	345	20.5
080915	1800	1.5	0.6	1.1	0.6	0.8	0.5	341	344	20
080915	1810	2.7	0.6	2.5	0.5	1.8	0.6	339	342	20.2
080915	1820	3	0.5	2.6	0.6	2.2	0.8	340	345	20.9
080915	1830	1.5	0.6	1.6	0.6	1.1	0.6	343	346	20.9
080915	1840	0.8	0.4	0.7	0.4	0.4	0.2	344	346	20.3
080915	1850	1.2	0.6	1	0.5	0.7	0.5	342	345	20.5
080915	1900	1.9	0.8	1.8	0.8	1.4	0.9	341	345	21.4
080915	1910	2.9	0.6	2.9	0.6	2.4	0.8	342	346	21.9
080915	1920	3.1	0.5	3	0.5	2.6	0.5	342	346	22.3
080915	1930	4.2	0.4	4	0.3	3.3	0.5	344	346	22.8
080915	1940	4.3	0.4	4.2	0.4	3.6	0.5	344	346	23.1
080915	1950	4.3	0.5	4.2	0.6	3.5	0.7	345	346	23.8
080915	2000	5.1	1.1	4.9	1.2	4.1	1.2	346	347	24.9
080915	2010	6.4	0.7	5.9	0.9	5.2	1	346	348	30
080915	2020	6.2	0.7	5.6	0.7	4.7	0.7	347	348	31.5
080915	2030	5.2	0.6	4.8	0.7	4.3	0.8	347	348	31.7
080915	2040	5.7	0.6	5.2	0.9	4.6	0.8	346	348	32.3
080915	2050	3.8	0.9	3.3	1	2.6	1.2	349	342	32.2
080915	2100	3.3	0.5	2.8	0.6	2	0.6	352	181	31.9
080915	2110	3.2	0.4	2.5	0.6	1.6	0.8	351	19	32.2
080915	2120	2.7	0.6	2.4	0.6	1.4	0.5	161	226	32.5
080915	2130	2.6	0.3	2.4	0.4	1.1	0.5	223	263	32.7
080915	2140	3.1	0.5	2.8	0.6	1.7	0.6	205	271	33
080915	2150	3.2	0.4	2.8	0.5	1.7	0.8	256	289	33.7
080915	2200	2.3	0.3	1.9	0.4	0.8	0.5	269	291	34.1
080915	2210	2.6	0.3	2.1	0.3	0.6	0.4	298	311	34.3
080915	2220	2	0.2	1.5	0.3	0.3	0.1	297	311	34.2
080915	2230	1.1	0.3	0.5	0.3	0.3	0	303	313	34.2
080915	2240	0.9	0.2	0.3	0.1	0.3	0	304	314	34.3
080915	2250	0.6	0.3	0.4	0.2	0.3	0	300	315	34.4
080915	2300	1.4	0.4	0.8	0.4	0.3	0	291	312	34.2
080915	2310	2.6	0.2	1.9	0.3	0.4	0.1	246	302	33.8
080915	2320	2.1	0.2	1.6	0.2	0.3	0.1	247	299	33.9
080915	2330	1.9	0.2	1.2	0.2	0.3	0	249	300	34
080915	2340	3.3	1.1	2.6	1.2	1.6	1.2	293	317	34.1
080915	2350	3.8	0.6	3.3	0.5	2.4	0.5	324	330	33.8
081015	0000	4	0.6	3.4	0.7	2.4	0.8	323	330	33.8
081015	0010	3.9	0.6	3.7	0.6	3.1	0.5	323	328	34.3
081015	0020	3.1	0.7	2.6	0.8	1.6	0.8	315	323	34.9
081015	0030	2.6	0.5	2.1	0.4	1.5	0.5	314	316	35.4
081015	0040	3	0.7	2.4	0.7	1.7	0.5	321	328	36
081015	0050	2.2	0.3	1.8	0.3	1	0.5	312	315	36.2
081015	0100	2.9	0.3	2.5	0.3	1.8	0.4	315	317	36.7
081015	0110	2.8	0.5	2.4	0.5	1.5	0.6	319	324	37.2
081015	0120	2.9	0.7	2.2	0.7	1.1	0.8	296	311	37
081015	0130	3.7	0.5	3.1	0.5	2.4	0.6	304	313	37.1
081015	0140	3.1	0.5	2.7	0.7	2.1	0.6	315	320	37.2
081015	0150	3.7	0.5	3	0.6	2.4	0.6	296	311	37.4
081015	0200	3.2	0.5	2.4	0.6	1.6	0.6	307	318	37.7
081015	0210	2.8	0.5	2.1	0.7	1.6	0.6	317	323	38
081015	0220	2.3	0.4	1.4	0.7	1	0.8	321	326	38
081015	0230	2.9	0.4	2.4	0.5	2.1	0.4	320	325	38.2
081015	0240	2.2	0.4	1.5	0.5	1.1	0.5	321	325	38.3
081015	0250	2.9	0.3	2.4	0.4	2.1	0.4	321	326	38.4
081015	0300	3.2	0.6	2.6	0.7	2.1	0.5	326	330	38.4
081015	0310	2.9	0.8	2.2	0.8	1.8	0.8	321	326	38.3
081015	0320	3.4	0.5	2.7	0.8	2.1	0.9	310	318	38.5
081015	0330	2.7	0.3	1.8	0.4	1.2	0.5	318	324	38.8
081015	0340	3.2	0.4	2.6	0.4	2.2	0.5	323	328	38.9
081015	0350	3.1	0.7	2.6	0.7	1.8	0.6	326	333	38.9
081015	0400	3.3	0.4	2.5	0.4	1.6	0.6	326	333	39
081015	0410	2.4	0.6	1.5	0.8	0.6	0.5	326	335	39.2
081015	0420	2.3	0.3	1.3	0.5	0.7	0.4	320	331	39.3
081015	0430	2.8	0.4	1.9	0.5	1.2	0.5	313	318	39.3
081015	0440	2.5	0.3	1.1	0.5	0.7	0.5	300	311	39.4
081015	0450	2.7	0.3	1.5	0.5	0.5	0.3	296	309	39.6
081015	0500	3.1	0.3	1.7	0.3	0.5	0.3	299	310	39.6
081015	0510	2.8	0.3	1.3	0.4	0.3	0	278	299	39.6
081015	0520	2.7	0.2	1.5	0.3	0.4	0.2	248	220	39.5
081015	0530	2.3	0.2	1	0.4	0.4	0.1	258	225	39.4
081015	0540	2.8	0.5	1.3	0.6	0.4	0.2	162	148	39.2
081015	0550	3.3	0.3	2.1	0.4	0.6	0.4	5	168	39.2
081015	0600	3.6	0.3	2.3	0.4	1.2	0.6	261	295	39.3
081015	0610	3.3	0.3	2	0.5	1.3	0.5	311	320	39.3
081015	0620	2.6	0.5	1	0.5	0.4	0.1	322	327	39.3
081015	0630	2.5	0.5	1.5	0.7	0.6	0.4	323	330	39.3
081015	0640	2.6	0.4	1.7	0.7	0.6	0.3	325	333	39
081015	0650	3.6	0.4	2.7	0.4	1.2	0.5	326	333	38.8
081015	0700	3.3	0.5	2.4	0.4	1.6	0.4	323	330	39
081015	0710	2.8	0.4	1.6	0.5	1	0.7	321	328	39
081015	0720	2.6	0.4	1.8	0.5	1.2	0.6	321	327	39
081015	0730	2.1	0.4	0.6	0.4	0.3	0	325	330	39.2
081015	0740	1.4	0.5	0.3	0	0.3	0	324	327	39.3
081015	0750	1.4	0.4	0.4	0.2	0.3	0	322	328	39.3
081015	0800	1.4	0.3	0.3	0	0.3	0	321	327	39.4
081015	0810	1.2	0.3	0.3	0.1	0.3	0	321	325	39.6
081015	0820	1.8	0.3	0.5	0.3	0.3	0	320	325	39.7
081015	0830	1.4	0.3	0.3	0	0.3	0	320	326	39.7
081015	0840	1.3	0.3	0.3	0	0.3	0	315	326	39.7
081015	0850	1.7	0.3	0.4	0.2	0.3	0	313	325	39.6
081015	0900	2.8	0.4	1.6	0.4	0.4	0.2	310	324	39.5
081015	0910	3.2	0.3	2	0.5	0.7	0.4	309	316	39.4
081015	0920	2.8	0.4	1.6	0.5	0.6	0.4	317	323	39.2
081015	0930	3.5	0.8	2.3	0.9	1.8	0.8	322	327	38.8
081015	0940	4	0.6	3.3	0.7	2.6	0.7	322	327	38.2
081015	0950	4	0.6	3.1	0.7	2.6	0.6	325	331	37.2
081015	1000	4	0.6	3.3	0.6	2.5	0.7	325	333	36.3
081015	1010	4.1	0.5	3.6	0.7	2.8	0.9	325	334	35.6
081015	1020	3.8	0.6	2.9	0.8	1.9	0.8	324	336	34.8
081015	1030	3.2	0.5	2.7	0.5	1.5	0.8	325	336	33.9
081015	1040	4.2	0.7	3.6	0.7	2.1	1	324	336	33
081015	1050	4.8	0.4	4.5	0.6	3.2	0.7	324	335	33.2
081015	1100	4.3	0.6	3.5	0.8	2.2	0.6	324	335	32.4
081015	1110	5.5	0.6	5	0.7	3.5	0.8	324	334	33.1
081015	1120	4	0.5	3.6	0.6	3.1	0.6	325	333	33.1
081015	1130	3	0.6	2.7	0.6	1.7	0.6	325	335	32.9
081015	1140	3.2	0.6	3.1	0.6	2.4	0.6	325	335	32.5
081015	1150	3.6	0.6	3.2	0.8	2.3	0.8	324	335	31.9
081015	1200	3.2	0.6	3	0.7	2.3	0.7	325	333	31.7
081015	1210	3.1	0.4	2.8	0.5	2.3	0.6	325	331	31.1
081015	1220	2.2	0.5	1.9	0.6	1.4	0.6	326	333	30.2
081015	1230	1.6	0.7	1.2	0.7	1.1	0.7	326	336	28.9
081015	1240	1.9	0.8	1.7	0.8	1.5	0.7	328	336	28.5
081015	1250	1.2	0.7	0.9	0.7	0.7	0.5	320	328	27.7
081015	1300	1.9	0.5	1.8	0.6	1.4	0.9	271	306	27.7
081015	1310	1.5	0.4	1.3	0.5	1	0.6	300	313	28.4
081015	1320	2.1	0.5	2	0.5	1.6	0.7	287	309	29
081015	1330	2.3	0.7	2.1	0.8	1.6	0.8	309	321	29.3
081015	1340	2.2	0.7	2	0.8	1.8	0.8	322	330	28.7
081015	1350	2.9	0.5	2.6	0.6	2.1	0.8	324	334	27.4
081015	1400	2.8	0.5	2.5	0.6	2.2	0.7	325	334	26.8
081015	1410	2.2	0.8	1.8	0.8	1.5	0.8	326	335	25.9
081015	1420	2.5	0.5	2.4	0.6	1.9	0.6	325	337	24.9
081015	1430	2.2	0.7	2	0.9	1.6	0.9	326	335	24.9
081015	1440	2.8	0.7	2.5	0.7	2	0.7	326	335	24.7
081015	1450	2.5	0.6	2.5	0.6	2	0.8	326	337	24.6
081015	1500	2.7	0.4	2.3	0.5	1.9	0.5	325	337	25
081015	1510	2.2	0.5	2.1	0.6	1.6	0.6	325	337	24.4
081015	1520	2.1	0.7	2	0.7	1.7	0.8	327	337	22.8
081015	1530	2.4	0.6	2.2	0.6	1.8	0.8	325	335	22.2
081015	1540	1.8	0.6	1.7	0.7	1.1	0.6	332	339	20.9
081015	1550	2.2	0.5	2	0.6	1.8	0.7	330	337	20.6
081015	1600	2.2	0.8	2	0.9	1.6	0.8	330	339	19.8
081015	1610	2.1	0.6	2	0.6	1.6	0.7	334	340	20.4
081015	1620	1.7	0.9	1.6	0.9	1.1	0.7	330	339	21.7
081015	1630	1.2	0.5	1.2	0.5	0.8	0.5	328	337	22.2
081015	1640	1.8	0.7	2	0.5	1.8	0.6	321	322	22
081015	1650	1.9	0.5	1.6	0.6	1.2	0.7	326	336	22.1
081015	1700	2.1	0.5	1.9	0.6	1.6	0.6	328	337	20.1
081015	1710	2.1	0.7	2.1	0.6	1.4	0.7	329	339	21.1
081015	1720	1.2	0.7	1	0.6	0.6	0.6	330	339	22
081015	1730	1.9	0.5	1.6	0.5	1.2	0.4	326	336	22.8
081015	1740	1.7	0.3	1.5	0.3	1.1	0.4	326	337	22.9
081015	1750	2.4	0.5	2.2	0.5	1.5	0.5	326	337	22.8
081015	1800	2.8	0.5	2.6	0.4	1.8	0.6	326	334	23.5
081015	1810	2.5	0.4	2.5	0.4	2.1	0.6	323	331	24
081015	1820	2.7	0.4	2.5	0.5	1.5	0.5	325	333	24.2
081015	1830	2.7	0.5	2.6	0.5	2.1	0.4	324	331	24.1
081015	1840	2.4	0.4	2.2	0.4	1.7	0.6	326	335	23.3
081015	1850	1.4	0.5	1.4	0.4	1	0.4	324	333	22
081015	1900	1	0.7	1	0.7	0.6	0.5	327	336	20.6
081015	1910	1.7	0.6	1.6	0.7	1.2	0.7	328	338	20
081015	1920	1.2	0.8	1.1	0.8	0.8	0.7	328	337	20.7
081015	1930	0.7	0.5	0.7	0.5	0.6	0.6	326	333	18.6
081015	1940	2.4	1.4	2.3	1.4	1.7	1.2	318	326	20.5
081015	1950	3.2	0.4	3.1	0.4	2.4	0.5	326	334	23
081015	2000	2.8	0.3	2.7	0.3	2.3	0.5	327	334	24.1
081015	2010	2.5	0.4	2.3	0.4	1.9	0.4	323	331	23.8
081015	2020	2.4	0.4	2.2	0.3	1.7	0.5	320	330	23.7
081015	2030	1.1	0.6	1	0.7	0.7	0.6	321	331	23.7
081015	2040	1.6	0.3	1.4	0.5	0.7	0.5	311	324	23.9
081015	2050	1.5	0.3	1.4	0.3	0.5	0.2	312	326	25
081015	2100	1.1	0.4	0.9	0.3	0.4	0.3	313	326	25.4
081015	2110	1.8	0.2	1.7	0.3	1	0.3	313	326	26
081015	2120	2.4	0.8	2.1	0.8	1.3	0.8	317	326	26.4
081015	2130	3.4	0.4	3.3	0.3	2.4	0.5	318	323	26.8
081015	2140	3.2	0.4	3	0.5	2.1	0.5	315	323	27.2
081015	2150	3.3	0.4	3	0.4	2.2	0.5	315	322	27.4
081015	2200	2.7	0.4	2.5	0.3	1.7	0.5	314	323	27.6
081015	2210	3.5	1	3.1	1	2.1	0.8	312	322	28.1
081015	2220	6.7	1.5	6.3	1.6	5	1.3	314	320	31.4
081015	2230	7.3	1.6	7.5	1.9	6.6	2.1	308	313	33.9
081015	2240	6.2	0.8	6.2	0.9	4.8	1	304	309	37.3
081015	2250	5.6	0.4	5	0.5	3.8	0.5	317	323	38.1
081015	2300	5.6	0.8	5.3	0.7	4.3	0.8	312	317	39.1
081015	2310	5	0.6	4.5	0.5	3.4	0.5	320	323	39.3
081015	2320	5.7	0.7	4.8	0.8	3.7	0.8	310	316	39
081015	2330	5.6	0.7	4.4	0.8	2.8	0.9	309	311	42.1
081015	2340	2.2	1.1	1.7	1.3	1.3	1.3	319	312	42
081015	2350	7.3	2.7	6.7	2.5	5.7	2.1	338	344	41.4
081115	0000	8.6	1.2	7.9	1.3	6.5	1.3	340	344	44.4
081115	0010	4.9	1.1	4	1.1	3.1	1.4	343	345	46.7
081115	0020	2.1	1.5	2.1	1.7	1.6	1.7	341	343	48.5
081115	0030	3.4	0.4	3.3	0.5	2.9	0.7	276	304	49
081115	0040	4	0.6	3.9	0.8	3.1	0.7	298	304	47.8
081115	0050	3.7	0.6	2.6	0.7	1.9	0.7	257	295	47.2
081115	0100	5.6	0.7	4.6	1.1	2.9	1.1	294	300	47
081115	0110	5.5	0.4	5.1	0.6	3.3	0.6	310	309	45.9
081115	0120	4.8	0.7	4	0.8	2.6	0.9	319	318	45.1
081115	0130	4.2	1.1	3.2	1	1.7	1	311	314	44.9
081115	0140	7.2	1	6.2	1	4.5	1.1	306	309	44.5
081115	0150	7.2	1.1	6.4	1	5	0.9	314	315	43.9
081115	0200	6	1	5.5	1	4.4	0.9	306	309	44.2
081115	0210	7.7	1.2	7	1.4	5.5	1.3	309	311	44.3
081115	0220	7.9	1.3	7.4	1.2	6	1	299	306	44.3
081115	0230	7	1.1	6.5	1.3	5.1	1.3	296	305	44.7
081115	0240	7.1	1.1	6.4	1.2	5	1.1	298	306	45.4
081115	0250	7.2	1	6.7	0.9	5.3	1	304	308	45.6
081115	0300	6.2	1.3	5.5	1.3	4.3	1.1	310	312	45.6
081115	0310	7.6	1.1	6.8	1.2	5.4	1.2	308	309	45.7
081115	0320	7.9	1.1	7.2	1.2	5.8	1.2	309	310	45.8
081115	0330	7.5	1.1	6.9	1.2	5.2	1.1	305	309	46
081115	0340	6.9	1	6.2	1	5	0.9	307	308	46.2
081115	0350	7.2	1.2	6.8	1.2	5.5	1.1	311	312	46.3
081115	0400	7.4	1	6.8	1	5.3	1.1	302	308	46.5
081115	0410	6.3	1.2	5.7	1.3	4.5	1.2	296	301	47
081115	0420	7.4	1.4	6.7	1.3	5.1	1.4	300	302	47.6
081115	0430	4.8	0.8	4.2	0.9	3	0.8	293	301	48.2
081115	0440	5.2	1.2	4.7	1.1	3.6	0.9	296	304	49.3
081115	0450	3.1	1.1	2.4	1	1.1	1	304	308	50
081115	0500	4.8	0.9	4.3	0.9	3.3	1	315	316	50
081115	0510	5.2	0.9	4.7	0.7	3.3	0.8	297	300	49.8
081115	0520	6	0.6	5.2	0.8	3.8	1	247	278	49.6
081115	0530	5.7	0.8	4.7	0.9	3.4	0.8	208	239	50
081115	0540	5.6	0.6	4.4	0.8	3	0.9	257	278	49.8
081115	0550	5.6	0.7	4.5	0.8	2.9	0.8	246	272	49.8
081115	0600	5	0.5	4.1	0.6	2.5	1.1	168	201	50
081115	0610	4.7	0.4	3.7	0.5	2.2	0.8	36	163	50
081115	0620	4.4	0.4	3.1	0.5	1.5	0.8	353	56	50.2
081115	0630	4	0.4	2.7	0.4	1.1	0.6	8	128	50.2
081115	0640	4.4	0.6	3.1	0.6	1.4	0.8	349	133	50.2
081115	0650	5.1	0.5	3.8	0.5	2.3	0.8	10	159	50.4
081115	0700	5.1	0.5	3.9	0.6	2.6	0.8	45	193	50.5
081115	0710	4.7	0.5	3.8	0.6	2.4	0.9	126	213	50.5
081115	0720	3.9	0.5	3.2	0.5	1.6	0.6	174	225	50.4
081115	0730	2.9	0.5	1.9	0.7	0.8	0.6	220	259	50.2
081115	0740	2.4	0.4	1.2	0.5	0.3	0	225	262	50.1
081115	0750	3	0.3	1.9	0.3	0.5	0.3	263	274	50
081115	0800	2.6	0.4	1.3	0.5	0.3	0	258	238	49.9
081115	0810	2.7	0.2	1.6	0.3	0.3	0	221	191	49.8
081115	0820	2.1	0.4	0.7	0.5	0.3	0	232	179	49.5
081115	0830	0.6	0.4	0.3	0	0.3	0	232	178	49.3
081115	0840	0.3	0	0.3	0	0.3	0	233	172	49.3
081115	0850	0.8	0.4	0.3	0.1	0.3	0	329	152	49.3
081115	0900	1.1	0.5	0.6	0.3	0.3	0	39	126	49.3
081115	0910	0.3	0	0.3	0	0.3	0	38	119	49.3
081115	0920	0.3	0.1	0.3	0	0.3	0	38	120	49.3
081115	0930	0.4	0.1	0.3	0	0.3	0	35	119	49.2
081115	0940	1	0.5	0.7	0.4	0.4	0.2	3	138	49
081115	0950	0.7	0.4	0.4	0.2	0.3	0.1	349	167	49.1
081115	1000	0.9	0.3	0.8	0.3	0.4	0.1	349	166	49
081115	1010	1.1	0.4	0.7	0.3	0.5	0.2	348	166	49.1
081115	1020	0.6	0.3	0.3	0.1	0.3	0	349	167	49.1
081115	1030	1.1	0.3	0.5	0.3	0.3	0.1	347	196	48.8
081115	1040	1.3	0.4	0.8	0.4	0.4	0.1	342	345	48.4
081115	1050	1.2	0.5	0.9	0.4	0.4	0.3	342	343	48.1
081115	1100	2.5	0.6	2	0.6	1.4	0.7	339	340	47
081115	1110	2.4	0.3	1.9	0.4	1	0.6	340	341	46.9
081115	1120	1.9	0.5	1.5	0.4	0.8	0.5	340	340	46.5
081115	1130	2.4	0.4	2	0.5	1	0.7	339	340	45.7
081115	1140	1.8	0.5	1.4	0.5	0.6	0.4	339	340	45.3
081115	1150	1.1	0.5	0.8	0.4	0.4	0.3	339	341	39.3
081115	1200	0.9	0.5	1	0.6	0.6	0.5	340	341	40.5
081115	1210	0.5	0.3	0.4	0.3	0.4	0.2	339	342	39.5
081115	1220	0.7	0.4	0.6	0.5	0.5	0.3	338	342	32.2
081115	1230	0.3	0	0.3	0	0.3	0	339	342	33.4
081115	1240	0.4	0.2	0.4	0.2	0.4	0.2	340	342	31.7
081115	1250	0.5	0.3	0.5	0.3	0.6	0.4	343	342	31.2
081115	1300	0.7	0.5	0.6	0.4	0.5	0.3	346	305	30.6
081115	1310	1.3	0.5	0.9	0.4	0.7	0.4	347	185	30.2
081115	1320	1.7	0.5	1.4	0.5	1.2	0.6	350	13	30.2
081115	1330	1.9	0.5	1.4	0.6	1.2	0.5	355	164	29.3
081115	1340	1.5	0.4	1.1	0.5	1	0.6	351	208	28.1
081115	1350	1.1	0.8	1.1	0.9	1.1	0.7	338	199	26.9
081115	1400	1.7	0.8	1.4	0.9	1.3	0.8	242	319	26.1
081115	1410	1.5	0.7	1.2	0.6	1	0.6	330	301	25.7
081115	1420	1.8	0.6	1.6	0.8	1.4	0.9	331	341	25.5
081115	1430	1.7	0.7	1.5	0.7	1.2	0.7	12	347	24.8
081115	1440	2	0.6	1.8	0.6	1.8	0.8	309	316	25
081115	1450	1.8	0.5	1.6	0.6	1.3	0.6	253	276	24.3
081115	1500	2.3	1	1.8	1.1	1.5	1	263	290	23.6
081115	1510	3	0.6	2.9	0.9	2.4	1.1	309	316	24.1
081115	1520	3.2	0.5	3.1	0.6	2.8	0.6	317	323	24.4
081115	1530	2.5	0.6	2.3	0.7	1.7	0.9	314	322	23.6
081115	1540	1.7	0.8	1.7	0.9	1.4	0.9	314	325	27.1
081115	1550	2.3	0.8	2.1	0.8	1.8	0.9	324	334	27.9
081115	1600	1.3	0.7	1	0.7	0.8	0.6	326	337	27.4
081115	1610	2	0.9	1.9	1	1.8	1	324	333	26.9
081115	1620	1.4	0.7	1.3	0.9	1.1	0.9	317	326	27.1
081115	1630	1.8	0.8	1.7	0.8	1.6	0.8	314	319	26.6
081115	1640	0.8	0.6	0.5	0.3	0.5	0.3	320	326	26.2
081115	1650	1.5	0.6	1.3	0.6	0.9	0.6	329	337	25.4
081115	1700	2.1	0.5	1.8	0.6	1.3	0.7	329	339	25.4
081115	1710	1.5	0.7	1.5	0.5	1.1	0.6	332	337	25.8
081115	1720	1.4	0.8	1	0.7	0.5	0.4	326	336	25.5
081115	1730	1.5	0.6	1.4	0.7	1.3	0.6	329	336	25.8
081115	1740	0.9	0.5	0.6	0.5	0.5	0.5	303	346	25.5
081115	1750	1.3	0.6	1.1	0.5	0.8	0.5	334	341	24.6
081115	1800	1	0.5	0.9	0.5	0.6	0.4	330	339	24.6
081115	1810	1.6	0.6	1.3	0.7	0.8	0.6	331	339	24.2
081115	1820	1.5	0.5	1.4	0.4	0.9	0.5	336	340	23.7
081115	1830	1.8	0.8	1.6	0.9	1.2	0.8	334	340	24
081115	1840	1.7	0.6	1.6	0.8	1	0.7	333	339	24.2
081115	1850	1.9	0.5	1.5	0.6	1.1	0.7	330	339	24.5
081115	1900	1.1	0.8	1	0.8	0.7	0.5	336	340	24.1
081115	1910	0.6	0.5	0.4	0.3	0.5	0.4	338	341	22.6
081115	1920	1.4	0.6	1.3	0.5	1	0.6	337	341	22.9
081115	1930	1	0.4	1	0.5	0.7	0.5	336	340	24.1
081115	1940	1.3	0.7	1.1	0.6	0.7	0.5	337	341	23.7
081115	1950	0.5	0.3	0.5	0.3	0.4	0.2	337	341	23.9
081115	2000	1	0.7	1	0.7	0.5	0.4	335	340	22.2
081115	2010	1.5	0.4	1.4	0.5	0.9	0.5	336	340	23.7
081115	2020	0.8	0.4	0.6	0.4	0.4	0.1	337	340	24.1
081115	2030	0.3	0.1	0.3	0	0.3	0	339	341	23.1
081115	2040	0.5	0.2	0.4	0.3	0.3	0.1	338	340	24
081115	2050	0.6	0.4	0.5	0.4	0.3	0	338	341	24.6
081115	2100	1.3	0.5	1.3	0.4	0.4	0.2	334	340	26.1
081115	2110	1	0.5	1.2	0.5	0.6	0.4	333	337	27.4
081115	2120	0.9	0.3	1	0.4	0.6	0.3	331	337	28.1
081115	2130	0.4	0.2	0.5	0.3	0.3	0	330	337	28.4
081115	2140	0.7	0.3	0.8	0.3	0.3	0.1	326	336	28.8
081115	2150	0.3	0	0.3	0	0.3	0	326	337	29.1
081115	2200	0.4	0.2	0.4	0.2	0.3	0	327	337	29.6
081115	2210	0.4	0.1	0.4	0.2	0.3	0	327	336	30.1
081115	2220	0.3	0	0.3	0	0.3	0	327	337	30.4
081115	2230	0.3	0	0.3	0	0.3	0	327	337	30.3
081115	2240	0.5	0.3	0.8	0.5	0.4	0.3	327	337	30.7
081115	2250	1.5	0.3	1.7	0.3	0.7	0.3	334	337	31
081115	2300	1.5	0.2	1.2	0.3	0.4	0.2	338	338	31
081115	2310	1.7	0.2	1.5	0.3	0.3	0.1	338	339	31.1
081115	2320	1.8	0.2	1.6	0.2	0.5	0.3	338	340	31.4
081115	2330	1	0.4	0.9	0.3	0.3	0	338	340	31.4
081115	2340	0.3	0.1	0.4	0.3	0.3	0	338	340	31.4
081115	2350	0.4	0.2	0.8	0.4	0.4	0.1	339	340	31.7
081215	0000	0.7	0.3	1	0.2	0.3	0	338	340	32
081215	0010	0.3	0	0.5	0.3	0.3	0	338	341	32.2
081215	0020	0.3	0	0.3	0	0.3	0	338	340	32.3
081215	0030	0.4	0.2	0.5	0.4	0.4	0.2	337	340	32.6
081215	0040	0.5	0.4	0.6	0.5	0.4	0.2	338	339	32.6
081215	0050	0.3	0	0.9	0.4	0.3	0	338	340	32.5
081215	0100	0.3	0	0.8	0.4	0.4	0.1	338	340	33
081215	0110	0.3	0	0.3	0	0.3	0	338	340	32.9
081215	0120	0.3	0	0.3	0	0.3	0	338	340	33
081215	0130	0.3	0	0.3	0	0.3	0	338	340	33.2
081215	0140	0.3	0	0.3	0	0.3	0	338	340	33.2
081215	0150	0.3	0	0.3	0	0.3	0	339	340	33.7
081215	0200	0.3	0	0.3	0	0.3	0	339	340	33.9
081215	0210	0.4	0.2	0.3	0.2	0.3	0	339	340	33.9
081215	0220	2.1	0.5	1.7	0.4	0.6	0.4	336	339	33.9
081215	0230	2.4	0.3	2	0.3	0.7	0.4	337	340	34.7
081215	0240	1.8	0.3	1.5	0.3	0.5	0.3	337	341	35.1
081215	0250	2.3	0.3	1.9	0.3	0.7	0.4	338	342	35.1
081215	0300	2.5	0.3	1.8	0.4	0.4	0.2	337	342	35.4
081215	0310	1.5	0.5	0.7	0.4	0.3	0	339	344	35.4
081215	0320	1	0.3	0.4	0.1	0.3	0	339	344	35.4
081215	0330	1.4	0.4	0.9	0.5	0.3	0	339	344	35.8
081215	0340	1.9	0.2	1.2	0.3	0.3	0	340	344	36
081215	0350	1.4	0.3	0.4	0.2	0.3	0	340	344	36.1
081215	0400	1.8	0.5	1.4	0.4	0.6	0.3	339	344	36.1
081215	0410	2.1	0.6	1.5	0.6	0.5	0.3	338	343	36.1
081215	0420	1.7	0.3	1.1	0.4	0.3	0	338	342	36.4
081215	0430	1.4	0.3	1	0.3	0.3	0	338	342	36.4
081215	0440	1	0.3	0.5	0.3	0.3	0	340	343	36.7
081215	0450	0.4	0.2	0.3	0	0.3	0	340	343	36.7
081215	0500	1.2	0.6	0.9	0.5	0.3	0.1	340	343	36.5
081215	0510	1.2	0.4	0.7	0.5	0.3	0.1	340	344	36.4
081215	0520	0.7	0.2	0.3	0	0.3	0	340	344	36.5
081215	0530	1.5	0.5	1.1	0.5	0.4	0.2	340	344	36.5
081215	0540	1.6	0.4	1.1	0.5	0.4	0.1	337	344	36.6
081215	0550	1.2	0.3	0.8	0.4	0.3	0	335	342	36.7
081215	0600	2	0.2	1.6	0.3	0.4	0.2	319	333	37
081215	0610	3.5	0.8	3	1	1.8	1.1	205	236	37.1
081215	0620	7.4	2.5	6.8	2.6	5.1	2.3	293	300	37.8
081215	0630	12.2	2.8	11.7	2.6	9.5	2.6	310	310	42.6
081215	0640	13	2.1	12.2	1.8	10.5	1.7	318	319	46
081215	0650	8	2.2	7.2	2.1	5.1	2.2	322	332	48.8
081215	0700	5.3	0.8	4.5	0.7	2.7	1	328	337	48.7
081215	0710	5.2	0.7	4.5	0.8	2.7	1.1	333	337	47.6
081215	0720	5.5	0.6	4.7	0.7	3	1	334	338	49.2
081215	0730	3.2	1.2	2.1	1.4	1.1	1	337	341	49.8
081215	0740	0.5	0.3	0.3	0.1	0.3	0	339	343	49.3
081215	0750	1.9	0.3	1.4	0.3	0.4	0.1	327	337	49
081215	0800	2.6	0.3	1.9	0.2	0.5	0.3	327	336	48.4
081215	0810	3.3	0.3	2.4	0.3	1.3	0.5	326	330	48
081215	0820	2.5	0.5	1.6	0.6	0.4	0.3	327	334	47.5
081215	0830	0.4	0.3	0.3	0.1	0.3	0	327	336	47.5
081215	0840	0.6	0.4	0.3	0.2	0.3	0	326	334	47.5
081215	0850	1.1	0.7	1.1	0.7	0.5	0.4	339	339	47.1
081215	0900	1.9	0.3	1.5	0.5	0.8	0.5	348	348	46.9
081215	0910	2.6	0.3	2.2	0.4	1.2	0.6	347	348	46.9
081215	0920	2.4	0.3	1.2	0.5	0.4	0.2	349	349	46.7
081215	0930	1.1	0.7	0.6	0.4	0.3	0	350	350	46.1
081215	0940	1.4	0.6	1.3	0.6	0.5	0.5	46	347	45.5
081215	0950	2.9	0.3	2.7	0.4	1.8	0.6	258	280	45.3
081215	1000	2.5	0.4	2.3	0.6	1.3	0.7	220	259	45
081215	1010	2.4	0.4	2	0.6	1.2	0.6	174	187	45.1
081215	1020	2.4	0.4	2.2	0.5	1.3	0.7	353	299	44.8
081215	1030	2.4	0.4	2.3	0.5	1.3	0.7	304	310	44.4
081215	1040	3.2	0.8	3.1	0.9	2.2	1.1	318	321	43.9
081215	1050	4.1	0.4	4.2	0.4	3.5	0.5	316	321	43.2
081215	1100	3.3	0.5	3.5	0.5	2.7	0.6	312	319	41.3
081215	1110	3.8	0.5	3.8	0.5	3.1	0.7	315	319	40.3
081215	1120	4.5	0.5	4.4	0.6	3.5	0.8	316	322	39
081215	1130	4.5	0.6	4.4	0.6	3.6	0.6	319	324	38.2
081215	1140	4.4	0.7	4.3	0.8	3.5	0.9	322	327	37
081215	1150	5.5	0.5	5.4	0.6	4.4	0.6	325	330	36.2
081215	1200	4.4	0.7	4.3	0.8	3.6	0.9	324	329	35.4
081215	1210	5.1	1.1	5	1.1	4	1	321	326	34.9
081215	1220	5.8	0.6	5.5	0.7	4.4	0.7	322	326	34.8
081215	1230	5.9	0.8	5.8	0.7	4.8	0.9	319	323	34.7
081215	1240	5.9	0.6	5.8	0.7	5	0.8	319	323	34.4
081215	1250	6.1	0.8	5.7	0.7	4.7	0.8	323	329	33.9
081215	1300	5.7	0.7	5.4	0.7	4.5	0.8	322	329	33.5
081215	1310	5.3	0.6	4.7	0.8	3.7	0.8	322	329	33.2
081215	1320	5.1	0.7	4.7	0.8	3.7	0.9	323	332	33.4
081215	1330	4.6	0.9	4	1	3	1	323	334	33
081215	1340	4.9	0.6	4.2	0.8	2.5	0.9	323	334	32.9
081215	1350	5	0.6	4.1	0.7	2.2	0.9	323	335	32.6
081215	1400	4.4	0.6	3.9	0.9	2.5	1	323	334	32.3
081215	1410	4.2	0.7	3.9	0.8	2.9	0.8	324	330	31.8
081215	1420	4.2	0.6	3.9	0.6	3	0.7	324	332	31.4
081215	1430	3.8	0.6	3.4	0.5	2.4	0.9	324	333	30.7
081215	1440	4.6	0.5	4	0.6	2.2	0.9	323	334	30.8
081215	1450	3.8	0.5	3.3	0.6	2.3	0.7	323	334	30
081215	1500	4.3	0.5	3.9	0.6	3.1	0.8	323	332	29.9
081215	1510	4.2	0.5	3.7	0.5	2.6	0.8	323	333	29.8
081215	1520	4.7	0.6	4.5	0.7	3.1	1.1	323	333	29.5
081215	1530	4.6	0.5	4.2	0.7	2.7	1	323	335	28.9
081215	1540	4.6	0.7	4.2	0.9	3.4	1	324	332	29.3
081215	1550	4.1	0.9	3.3	1.1	1.9	1.2	324	335	28.6
081215	1600	4.7	0.9	4	0.8	2.4	0.9	323	335	27.9
081215	1610	4.5	0.7	3.5	0.7	1.7	0.9	323	335	28.1
081215	1620	4.4	0.6	3.8	0.8	2.2	0.9	323	335	27.8
081215	1630	4.6	0.9	4.2	0.9	3.3	1	323	332	27.7
081215	1640	4.8	0.7	4.3	0.9	3.2	1	323	332	28
081215	1650	5	0.6	4.3	0.8	2.7	1.1	323	334	27.1
081215	1700	5.7	0.7	5.3	0.7	4	0.7	323	332	27.8
081215	1710	4.9	0.6	4.3	0.7	2.9	0.8	323	333	27.5
081215	1720	5.1	0.7	4.4	0.7	3.3	0.9	323	333	26.9
081215	1730	5.2	1.1	4.5	1.2	3	1.3	323	334	27.1
081215	1740	5	0.7	4.3	0.8	3	0.8	323	334	26.7
081215	1750	4.2	0.6	3.6	0.7	2.7	0.8	323	334	26.4
081215	1800	5.6	0.6	4.8	0.8	3	1	323	335	25.8
081215	1810	5.1	0.8	4.5	0.8	3.1	0.8	323	334	25.8
081215	1820	4.7	0.6	4.3	0.7	3.4	0.8	324	333	25.8
081215	1830	4.7	0.7	4	0.8	2.6	0.9	324	335	25.6
081215	1840	4.2	1.1	3.6	0.9	2.3	0.8	325	334	25.5
081215	1850	4.9	0.5	4.3	0.7	3.1	1.3	324	334	25.2
081215	1900	4.6	0.8	4.1	0.9	3.5	0.8	323	330	25.6
081215	1910	5.7	0.5	5.2	0.6	4.4	0.7	323	331	25.9
081215	1920	5.1	0.7	4.8	0.6	4	0.7	323	331	26.7
081215	1930	4.7	0.5	4.3	0.6	3.8	0.6	323	330	26.3
081215	1940	4.9	0.8	4.3	0.9	3.5	0.8	323	332	26
081215	1950	4.6	0.7	4.4	0.7	3.6	0.7	323	330	25.9
081215	2000	4.7	0.7	4.2	0.8	3.5	0.6	322	330	25.9
081215	2010	5.9	0.8	5.4	0.8	4.7	0.7	321	327	26.3
081215	2020	5.1	0.7	4.7	0.8	4.1	0.7	322	328	26.8
081215	2030	5	0.6	4.6	0.6	3.9	0.6	324	331	26.8
081215	2040	4.8	0.5	4.3	0.5	3.7	0.6	323	330	27.1
081215	2050	4.4	0.7	3.9	0.6	3.3	0.6	322	329	27.4
081215	2100	4.2	0.5	3.5	0.6	3	0.6	323	329	27.8
081215	2110	4.2	0.6	3.6	0.5	3	0.5	321	328	28.3
081215	2120	4	0.6	3.1	0.7	2.4	0.9	324	331	28.8
081215	2130	3.6	0.5	3	0.4	2.3	0.5	323	329	29.3
081215	2140	3.3	0.5	2.6	0.5	1.9	0.5	322	329	29.7
081215	2150	3	0.4	2.4	0.5	1.8	0.5	322	329	29.9
081215	2200	2.6	0.4	2	0.5	0.8	0.5	313	319	30.6
081215	2210	2.3	0.3	1.8	0.4	0.8	0.6	316	323	31.1
081215	2220	2.4	0.3	1.8	0.3	0.9	0.5	318	325	31.3
081215	2230	3	0.4	2.3	0.4	1	0.5	311	316	31.6
081215	2240	2.8	0.4	1.9	0.5	0.7	0.5	304	311	31.9
081215	2250	3.6	0.3	2.8	0.5	1.8	0.5	310	317	32.2
081215	2300	3.2	0.4	2.5	0.5	1.4	0.5	306	314	32.5
081215	2310	2.6	0.4	1.8	0.3	0.5	0.3	302	314	32.9
081215	2320	3	0.3	2.3	0.4	0.9	0.5	311	315	33.5
081215	2330	3.1	0.5	2.4	0.4	1.2	0.6	313	320	33.7
081215	2340	3.2	0.4	2.7	0.5	1.8	0.5	316	323	33.9
081215	2350	3.8	0.5	3.2	0.5	2	0.5	315	321	34
081315	0000	3.8	0.6	3.2	0.5	2.1	0.6	318	323	34
081315	0010	3.7	0.5	2.9	0.4	1.8	0.4	318	324	34
081315	0020	3.6	0.5	2.7	0.5	1.5	0.6	316	322	34
081315	0030	3.5	0.4	2.8	0.4	1.7	0.4	317	323	34.2
081315	0040	3.8	0.4	3	0.4	1.6	0.6	314	319	34.3
081315	0050	4	0.4	3.2	0.3	1.9	0.4	314	320	34.3
081315	0100	3.7	0.4	3	0.4	1.5	0.6	306	313	34.5
081315	0110	3.4	0.5	2.6	0.5	1	0.6	292	297	34.8
081315	0120	3.2	0.3	2.5	0.4	0.9	0.5	288	297	35.4
081315	0130	3.4	0.3	2.8	0.4	1.2	0.7	287	296	36.1
081315	0140	3.7	0.5	2.9	0.6	1.6	0.8	302	309	36.5
081315	0150	4.1	0.5	3.3	0.5	2.3	0.6	310	316	36.3
081315	0200	4.5	0.6	3.7	0.5	2.9	0.5	314	320	36.2
081315	0210	4.9	0.6	4.1	0.5	3	0.6	317	323	36.2
081315	0220	4.9	0.5	4.2	0.6	3.2	0.6	318	324	36.2
081315	0230	5	0.5	4.1	0.5	3	0.5	318	323	36.5
081315	0240	4.4	0.5	3.6	0.5	2.5	0.5	318	323	36.7
081315	0250	4.3	0.5	3.5	0.4	2.5	0.5	315	321	36.7
081315	0300	3.9	0.5	3.2	0.5	2.1	0.7	314	320	36.8
081315	0310	3.8	0.4	2.9	0.4	1.5	0.6	314	320	37.2
081315	0320	3.4	0.5	2.5	0.4	1.1	0.6	314	320	37.3
081315	0330	3	0.4	2.2	0.4	0.7	0.5	315	320	37.5
081315	0340	3.3	0.4	2.6	0.4	1	0.5	314	317	37.7
081315	0350	3.3	0.4	2.5	0.4	1.1	0.5	316	321	37.8
081315	0400	3.1	0.4	2.1	0.5	0.6	0.4	315	320	37.9
081315	0410	2.7	0.3	1.9	0.4	0.4	0.2	315	320	37.9
081315	0420	3	0.3	2.3	0.5	0.8	0.6	313	316	38.1
081315	0430	3.3	0.3	2.3	0.4	1	0.5	314	321	38.1
081315	0440	3.2	0.3	2.6	0.3	1.4	0.5	315	321	38.2
081315	0450	3.6	0.4	2.7	0.4	1.6	0.5	312	317	38.4
081315	0500	3.8	0.5	3	0.3	1.9	0.5	314	321	38.5
081315	0510	3.5	0.5	2.7	0.5	1.5	0.6	312	319	38.7
081315	0520	3.7	0.5	3	0.5	1.7	0.7	309	313	38.8
081315	0530	4.1	0.6	3.3	0.6	2	0.8	311	314	38.8
081315	0540	4.3	0.6	3.8	0.6	2.5	0.7	312	316	38.8
081315	0550	4.3	0.6	3.7	0.6	2.6	0.6	301	310	38.6
081315	0600	5.1	0.8	4.4	0.8	3.2	0.7	291	304	38.8
081315	0610	4.5	0.8	4.2	0.8	3	0.8	287	304	39
081315	0620	4.5	0.5	4	0.6	2.6	0.9	267	289	39.3
081315	0630	4.2	0.7	3.7	0.7	2.5	1	273	294	39.8
081315	0640	4.4	0.6	3.8	0.6	2.5	0.8	271	294	40.4
081315	0650	3.4	0.4	2.9	0.5	1.5	0.7	271	295	40.6
081315	0700	3.4	0.4	2.9	0.5	1.5	0.6	260	289	40.8
081315	0710	2.8	0.4	2.5	0.4	1.1	0.7	239	278	41
081315	0720	3.3	0.5	2.5	0.5	1.1	0.7	205	253	41.3
081315	0730	4.1	0.6	3.4	0.8	2.2	0.9	248	284	41.6
081315	0740	4.3	0.5	3.5	0.6	2	0.8	263	290	41.6
081315	0750	3.9	0.5	3.2	0.4	1.5	0.7	273	295	41.5
081315	0800	3.8	0.5	3.1	0.6	1.7	0.8	287	303	41.5
081315	0810	4.1	0.6	3.2	0.6	1.9	0.7	294	307	41.2
081315	0820	4.6	0.6	3.6	0.7	2.5	0.8	299	309	41
081315	0830	5.1	0.6	4.2	0.6	2.8	0.7	302	310	41
081315	0840	4.8	0.6	4	0.6	3.1	0.7	311	318	41
081315	0850	4.6	0.6	3.7	0.5	2.9	0.6	313	320	41.1
081315	0900	4.7	0.6	3.9	0.6	2.9	0.7	315	321	41
081315	0910	4.5	0.6	3.8	0.5	2.8	0.6	318	324	40.6
081315	0920	4.4	0.7	3.6	0.6	2.7	0.6	319	325	40
081315	0930	4.1	0.5	3.7	0.6	2.8	0.8	320	326	39.3
081315	0940	4.7	0.6	4.2	0.7	3.6	0.6	320	326	38.6
081315	0950	5.4	0.9	5.1	1	4.5	0.9	320	326	38.5
081315	1000	5.1	0.8	4.9	0.8	4.1	0.8	320	326	38.2
081315	1010	5.6	0.7	5.2	0.7	4.4	0.7	320	327	38.2
081315	1020	4.8	0.8	4.5	0.8	3.9	0.9	319	326	37.9
081315	1030	4.6	0.7	4.2	0.8	3.6	0.6	320	327	37.3
081315	1040	5.4	0.8	4.9	0.8	4.2	0.7	320	326	36.8
081315	1050	5.4	0.9	5.1	0.8	4.4	0.8	320	326	36.6
081315	1100	6.3	0.7	5.8	0.7	4.8	0.8	321	328	36.5
081315	1110	5.9	0.5	5.3	0.6	4.7	0.7	321	328	36.4
081315	1120	5.2	0.6	4.8	0.6	4.3	0.6	322	330	36
081315	1130	5.3	0.9	4.9	0.9	4.5	0.9	321	328	35.9
081315	1140	5.3	1	5	1	4.5	0.8	321	328	35.7
081315	1150	4.6	0.6	4	0.6	3.7	0.7	321	328	35.2
081315	1200	5	0.6	4.8	0.7	4.1	0.9	316	321	35.5
081315	1210	4.6	0.9	4.2	1	3.8	0.8	318	325	35.9
081315	1220	4.8	0.9	4.4	0.9	3.9	0.9	316	324	35.5
081315	1230	5	0.6	4.4	0.8	3.9	0.6	319	325	35.2
081315	1240	4.7	0.7	4.2	0.8	4	0.8	320	328	34.6
081315	1250	4.5	0.7	4	0.8	3.6	0.7	310	317	34.4
081315	1300	4.6	0.6	4.1	0.7	3.7	0.8	313	319	34.8
081315	1310	4.2	0.5	3.7	0.6	3.4	0.7	315	322	34.4
081315	1320	4.6	0.7	4.4	0.7	3.3	0.8	323	333	35.3
081315	1330	4.5	0.8	4	0.8	2.7	0.9	324	335	37.4
081315	1340	3.3	0.7	2.4	0.7	0.9	0.5	326	338	38.2
081315	1350	3.2	0.4	2.5	0.5	1	0.5	324	337	37.9
081315	1400	2.8	0.4	1.6	0.6	0.9	0.6	325	337	36.5
081315	1410	3.5	0.5	3.1	0.7	2.5	0.8	324	331	35.8
081315	1420	3.1	0.4	2.7	0.7	1.4	1	327	334	37.2
081315	1430	3	0.4	2.3	0.4	0.9	0.6	326	335	36.7
081315	1440	2.9	0.8	1.9	0.9	1.4	0.6	325	335	34.2
081315	1450	4.9	1.6	4	1.7	2.8	1.2	323	334	32.6
081315	1500	5.2	0.8	4.8	0.8	3.2	0.8	323	333	33.9
081315	1510	3.4	0.6	3.1	0.8	2.2	0.8	324	335	34.2
081315	1520	2.2	0.6	1.9	0.5	1.4	0.6	326	334	-12.6
081315	1530	1.3	0.7	1	0.7	0.7	0.5	326	336	-43.2
081315	1540	1.6	0.6	1.4	0.5	0.8	0.5	326	336	-81.3
081315	1550	2.9	0.7	2.3	0.8	1.3	0.7	325	337	-20.5