Date	Time	50mWS	50mSD	30mWS	30mSD	10mWS	10mSD	50mDIR	30mDIR	Temp
062315	0840	0.3	0	0.3	0	0.3	0	0	0	-86.4
062315	0850	0.3	0	0.3	0	0.3	0	0	0	-86.4
062415	0620	0.3	0	0.3	0	0.3	0	0	0	-86.4
062415	0630	0.3	0	0.3	0	0.3	0	0	0	-86.4
062415	0640	0.3	0	0.3	0	0.3	0	0	0	-86.4
062415	0650	0.3	0	0.3	0	0.3	0	0	0	-86.4
062415	0700	0.3	0	0.3	0	0.3	0	0	0	-86.4
062415	0710	0.3	0	0.3	0	0.3	0	0	0	-86.4
062415	0720	0.3	0	0.3	0	0.3	0	0	0	-86.4
062415	0730	0.3	0	0.3	0	0.3	0	0	0	-86.4
062415	0740	0.3	0	0.3	0	0.3	0	0	0	-86.4
062415	0750	0.3	0	0.3	0	0.3	0	0	0	-86.4
062415	0800	0.3	0	0.3	0	0.3	0	0	0	-86.4
062415	0810	0.3	0	0.3	0	0.3	0	0	0	-86.4
062415	0820	0.3	0	0.3	0	0.3	0	0	0	-86.4
062415	0830	0.3	0	0.3	0	0.3	0	0	0	-86.4
062415	0840	0.3	0	0.3	0	0.3	0	0	0	-86.4
062415	0850	0.3	0	0.3	0	0.3	0	0	0	-86.4
062415	0900	0.3	0	0.3	0	0.3	0	0	0	-86.4
062415	0910	0.3	0	0.3	0	0.3	0	0	0	-86.4
062415	0920	0.3	0	0.3	0	0.3	0	0	0	-86.4
062415	0930	0.3	0	0.3	0	0.3	0	0	0	-86.4
062415	0940	0.3	0	0.3	0	0.3	0	0	0	-86.4
062415	0950	0.3	0	0.3	0	0.3	0	0	0	-86.4
062415	1000	0.3	0	0.3	0	0.3	0	0	0	-86.4
062415	1010	0.3	0	0.3	0	0.3	0	0	0	-86.4
062415	1020	0.3	0	0.3	0	0.3	0	0	0	-86.4
062415	1030	0.3	0	0.3	0	0.3	0	0	0	-86.4
062415	1040	0.3	0	0.3	0	0.3	0	0	0	-86.4
062415	1050	0.3	0	0.3	0	0.3	0	0	0	-86.4
062415	1100	0.3	0	0.3	0	0.3	0	0	0	-86.4
062415	1110	0.3	0	0.3	0	0.3	0	0	0	-86.4
062415	1120	0.3	0	0.3	0	0.3	0	0	0	-86.4
062415	1130	0.3	0	0.3	0	0.3	0	0	0	-86.4
062415	1140	0.3	0	0.3	0	0.3	0	0	0	-86.4
062415	1150	0.3	0	0.3	0	0.3	0	0	0	-86.4
062415	1200	0.3	0	0.3	0	0.3	0	0	0	-86.4
062415	1210	0.3	0	0.3	0	0.3	0	0	0	-86.4
062415	1220	0.3	0	0.3	0	0.3	0	0	0	-86.4
062415	1230	0.3	0	0.3	0	0.3	0	0	0	-86.4
062415	1240	0.3	0	0.3	0	0.3	0	0	0	-86.4
062415	1250	0.3	0	0.3	0	0.3	0	0	0	-86.4
062415	1300	0.3	0	0.3	0	0.3	0	0	0	-86.4
062415	1310	0.3	0	0.3	0	0.3	0	0	0	-86.4
062415	1320	0.3	0	0.3	0	0.3	0	0	0	-86.4
062415	1330	0.3	0	0.3	0	0.3	0	0	0	-86.4
062415	1340	0.3	0	0.3	0	0.3	0	0	0	-86.4
062415	1350	0.3	0	0.3	0	0.3	0	0	0	-86.4
062415	1400	0.3	0	0.3	0	0.3	0	0	0	-86.4
062415	1410	0.3	0	0.3	0	0.3	0	0	0	-86.4
062415	1420	0.3	0	0.3	0	0.3	0	0	0	-86.4
062415	1430	0.3	0	0.3	0	0.3	0	0	0	-86.4
062415	1440	0.3	0	0.3	0	0.3	0	0	0	-86.4
062415	1450	0.3	0	0.3	0	0.3	0	0	0	-86.4
062415	1500	0.3	0	0.3	0	0.3	0	0	0	-86.4
062415	1510	0.3	0	0.3	0	0.3	0	0	0	-86.4
062415	1520	0.3	0	0.3	0	0.3	0	0	0	-86.4
062415	1530	0.3	0	0.3	0	0.3	0	0	0	-86.4
062415	1540	0.3	0	0.3	0	0.3	0	0	0	-86.4
062415	1550	0.3	0	0.3	0	0.3	0	0	0	-86.4
062415	1600	0.3	0	0.3	0	0.3	0	0	0	-86.4
062415	1610	0.3	0	0.3	0	0.3	0	0	0	-86.4
062415	1620	0.3	0	0.3	0	0.3	0	0	0	-86.4
062415	1630	0.3	0	0.3	0	0.3	0	0	0	-86.4
062415	1640	0.3	0	0.3	0	0.3	0	0	0	-86.4
062415	1650	0.3	0	0.3	0	0.3	0	0	0	-86.4
062415	1700	0.3	0	0.3	0	0.3	0	0	0	-86.4
062415	1710	0.3	0	0.3	0	0.3	0	0	0	-86.4
062415	1720	0.3	0	0.3	0	0.3	0	0	0	-86.4
062415	1730	0.3	0	0.3	0	0.3	0	0	0	-86.4
062415	1740	0.3	0	0.3	0	0.3	0	0	0	-86.4
062415	1750	0.3	0	0.3	0	0.3	0	0	0	-86.4
062415	1800	2.3	1	2.3	0.9	1.8	0.8	338	339	18.1
062415	1810	1.1	0.6	1.1	0.5	0.6	0.4	329	333	17.7
062415	1820	1.9	1.1	1.8	1.1	1.3	1.1	336	343	16.5
062415	1830	1.7	0.6	1.6	0.8	1.1	0.9	338	342	16.7
062415	1840	1.1	0.6	1	0.6	0.6	0.4	357	330	15.6
062415	1850	1.9	0.6	1.8	0.5	0.9	0.5	334	340	15.5
062415	1900	2.9	0.5	2.6	0.6	1.8	0.8	332	339	15.8
062415	1910	3.4	0.5	3	0.5	2.1	0.7	334	339	16.7
062415	1920	3.1	0.6	2.9	0.9	2	0.8	337	340	17.6
062415	1930	1.4	1	1.2	1.1	0.7	0.8	337	340	17.6
062415	1940	1.8	0.4	1.7	0.5	1.1	0.6	339	342	17
062415	1950	0.9	0.7	0.8	0.6	0.4	0.2	340	343	17.3
062415	2000	1.9	0.4	1.7	0.4	1	0.5	339	343	16.7
062415	2010	1.5	0.5	1.3	0.5	0.4	0.2	340	343	16.2
062415	2020	0.6	0.4	0.4	0.3	0.4	0.1	341	343	16.9
062415	2030	0.9	0.4	0.8	0.4	0.4	0.3	342	344	17.8
062415	2040	1.2	0.6	1.1	0.6	0.4	0.2	342	344	18.3
062415	2050	1.2	0.4	1	0.4	0.4	0.2	341	343	19.4
062415	2100	1.6	0.7	1.2	0.6	0.4	0.1	340	342	20
062415	2110	2.1	0.4	1.8	0.4	0.4	0.3	339	340	20.7
062415	2120	1.3	0.5	1	0.3	0.3	0	339	342	21.1
062415	2130	1.8	0.3	1.5	0.2	0.3	0	338	340	21.3
062415	2140	1.6	0.2	1.5	0.2	0.3	0	338	341	21.9
062415	2150	1.6	0.2	1.4	0.2	0.3	0	337	340	22.6
062415	2200	2.1	0.3	1.8	0.2	0.3	0	337	340	23.1
062415	2210	2.7	0.2	2.2	0.2	0.4	0.2	339	340	23.7
062415	2220	2.6	0.2	2.6	0.3	0.9	0.4	339	341	24
062415	2230	2.3	0.2	2.1	0.2	0.4	0.2	340	343	24
062415	2240	1.7	0.6	1.4	0.6	0.4	0.2	340	342	24.1
062415	2250	3	0.9	2.8	0.8	1.9	0.9	319	322	25.2
062415	2300	2	0.7	1.7	0.6	0.6	0.4	316	325	24.4
062415	2310	2.9	0.5	2.6	0.4	1.7	0.4	313	318	24.9
062415	2320	3.5	0.6	3.2	0.6	1.8	0.6	307	316	25.3
062415	2330	4.1	0.5	3.6	0.5	2.3	0.5	309	314	25.8
062415	2340	4.8	0.6	4.1	0.6	3.1	0.6	315	319	26.6
062415	2350	4.3	0.4	3.8	0.4	2.8	0.4	323	326	27.2
062515	0000	4.6	0.6	4.1	0.5	3.2	0.5	325	327	27.4
062515	0010	4.4	0.6	3.9	0.4	2.8	0.5	318	321	27.4
062515	0020	4.8	0.5	4.3	0.5	3.1	0.6	322	327	27.6
062515	0030	5	0.7	4.4	0.7	3.5	0.6	323	327	27.4
062515	0040	5.3	0.8	4.9	0.7	3.9	0.7	321	325	27.4
062515	0050	5.7	1	5.2	0.9	4.3	0.8	317	321	27.9
062515	0100	6.3	0.7	5.9	0.6	4.7	0.7	319	323	28.4
062515	0110	5.4	0.8	5.1	0.6	4.1	0.6	318	323	28.9
062515	0120	4.1	0.6	3.8	0.6	2.9	0.5	319	325	29.7
062515	0130	3.7	0.6	3.4	0.5	2.6	0.7	324	330	30.3
062515	0140	4.1	0.7	3.8	0.9	2.9	0.9	321	326	30.7
062515	0150	7.3	1.5	7.2	1.5	5.8	1.5	301	307	33.9
062515	0200	9.9	0.6	9.4	0.7	7.2	1	318	319	39.3
062515	0210	10	0.4	8.9	0.6	6.6	0.8	318	319	38.7
062515	0220	9.5	0.7	8.6	1.1	6.4	1	319	321	37
062515	0230	8	1	7.2	1	5.9	0.8	323	327	36.8
062515	0240	8	0.8	7.4	0.6	5.7	0.7	324	329	38.1
062515	0250	7	0.8	6.4	0.7	5.1	0.7	322	328	38.7
062515	0300	7.3	0.8	6.3	0.7	5.1	0.7	322	325	39.9
062515	0310	7.7	1.3	7	1.1	5.8	0.9	322	325	40.8
062515	0320	8.1	1.1	7.3	1	5.9	0.9	323	327	41.7
062515	0330	6.7	0.9	5.7	0.8	4.1	1	324	329	42.6
062515	0340	6	0.7	4.8	0.7	2.9	0.8	323	332	42.9
062515	0350	5.6	1.2	4.8	0.9	3.2	1.1	325	333	42.5
062515	0400	6.7	1.4	6	1.2	4.6	1.5	329	336	42.6
062515	0410	6.1	1	5.5	0.9	4.1	1.2	330	337	43.2
062515	0420	6	1.2	5.2	1.1	3.5	1.2	327	336	44
062515	0430	6	1.1	5.5	0.9	3.9	0.9	330	337	44.5
062515	0440	4.6	0.6	4.1	0.7	2.8	0.7	333	338	44.6
062515	0450	4.3	0.5	3.7	0.7	2.5	0.9	333	338	44.7
062515	0500	4.2	0.5	3.8	0.6	2.5	0.9	333	338	44.8
062515	0510	3.7	0.5	3.2	0.5	1.9	0.8	333	339	45.1
062515	0520	3.1	0.5	2.5	0.6	1.5	0.8	336	342	45.5
062515	0530	2.9	0.5	2.6	0.5	1.5	0.7	337	343	45.7
062515	0540	3.6	0.5	3	0.5	1.5	0.8	336	342	46
062515	0550	3	0.5	2.4	0.5	0.8	0.5	338	343	46.1
062515	0600	2.2	0.3	2	0.3	1.4	0.5	340	345	46.3
062515	0610	1.9	0.3	1.8	0.3	1.2	0.5	343	346	46.3
062515	0620	1.7	0.4	1.5	0.4	0.7	0.4	343	345	46.3
062515	0630	1.1	0.6	1	0.4	0.4	0.1	343	345	46.3
062515	0640	0.4	0.2	0.4	0.1	0.3	0	344	346	46.3
062515	0650	0.7	0.4	0.6	0.4	0.3	0.1	344	346	46.3
062515	0700	1.4	0.4	1.3	0.5	0.7	0.4	344	346	46.1
062515	0710	1	0.4	0.7	0.4	0.4	0.2	344	346	45.9
062515	0720	0.9	0.4	0.7	0.3	0.3	0	344	346	45.9
062515	0730	1	0.4	0.8	0.4	0.4	0.1	344	346	46.1
062515	0740	0.9	0.4	0.7	0.3	0.3	0	345	346	45.9
062515	0750	1.3	0.3	1.1	0.3	0.4	0.2	347	345	45.7
062515	0800	1.7	0.5	1.4	0.4	0.6	0.4	351	349	45.5
062515	0810	2.3	0.4	1.8	0.4	0.9	0.5	350	350	45.5
062515	0820	1.8	0.6	1.3	0.6	0.6	0.5	350	349	45.5
062515	0830	1.3	0.4	0.9	0.3	0.4	0.2	351	352	45.5
062515	0840	1.5	0.5	1.1	0.5	0.4	0.2	351	352	45.5
062515	0850	1.7	0.3	1.1	0.3	0.4	0.2	350	6	45.5
062515	0900	1.7	0.5	1.2	0.5	0.4	0.2	351	356	45.4
062515	0910	1.2	0.4	1.3	0.4	0.8	0.5	351	159	45
062515	0920	1.4	0.3	1.5	0.3	1.1	0.5	217	267	45.1
062515	0930	1.2	0.4	1.4	0.4	1.1	0.5	263	291	45
062515	0940	1.1	0.4	1.3	0.3	1	0.5	305	302	44.7
062515	0950	0.3	0	0.4	0.2	0.4	0.1	303	299	43.5
062515	1000	0.9	0.6	0.9	0.6	0.6	0.4	320	325	42.6
062515	1010	1.1	0.5	1.3	0.4	0.8	0.4	330	337	42.6
062515	1020	2.1	0.5	2.3	0.4	1.5	0.7	333	338	42.5
062515	1030	2.3	0.4	2.6	0.3	1.5	0.6	332	338	42.3
062515	1040	3.1	0.4	3	0.4	2	0.8	332	338	42.1
062515	1050	2.8	0.3	2.7	0.4	2.1	0.6	335	339	42
062515	1100	3.1	0.4	3	0.4	2.1	0.8	335	339	41.5
062515	1110	3.7	0.6	3.5	0.8	2.1	0.9	336	339	40.6
062515	1120	3.7	0.6	3.4	0.7	2.2	0.9	336	340	40
062515	1130	3.5	0.5	3.5	0.5	2.2	0.9	336	340	39.4
062515	1140	3.4	0.5	3.2	0.5	2.1	0.9	336	340	38.5
062515	1150	3.2	0.4	3.1	0.4	1.9	0.7	335	340	37.5
062515	1200	3.3	0.4	3.2	0.5	2.4	0.7	332	338	36.7
062515	1210	3.1	0.5	2.8	0.6	2.2	0.7	328	337	36
062515	1220	2.9	0.7	3	0.6	2	0.9	328	337	35.2
062515	1230	2.6	0.7	2.3	0.9	1.8	1.1	326	336	35
062515	1240	2.4	0.7	2.2	0.7	1.5	0.8	326	335	34
062515	1250	1.9	0.6	1.7	0.6	1.1	0.6	328	336	34.3
062515	1300	2.4	0.5	2.2	0.7	1.5	0.9	330	338	33.9
062515	1310	2.6	0.6	2.3	0.7	1.5	0.8	330	338	33.4
062515	1320	2.3	0.6	2	0.6	1.2	0.7	334	340	33.1
062515	1330	1.9	0.5	1.8	0.6	1.2	0.8	328	337	32.5
062515	1340	1.3	0.6	1.5	0.6	0.8	0.6	330	339	32.2
062515	1350	1.5	0.8	1.5	0.7	1.1	0.8	337	342	31.4
062515	1400	1	0.7	1.3	0.5	0.8	0.5	337	340	31.3
062515	1410	2.6	0.4	2.5	0.6	1.7	0.7	331	338	31.5
062515	1420	2	0.4	1.8	0.5	1.1	0.6	334	341	31.4
062515	1430	2	1	1.8	1	1.2	0.9	336	343	29.2
062515	1440	2.8	0.5	2.5	0.6	1.8	0.7	336	341	28.5
062515	1450	2.9	0.7	2.5	0.7	1.8	0.8	336	341	28.9
062515	1500	2.3	1	2.1	0.6	1.3	0.7	334	340	29.6
062515	1510	2.9	0.8	2.5	0.9	1.3	0.9	332	338	28
062515	1520	2.9	0.8	2.5	1	1.8	0.9	333	340	27.2
062515	1530	2.7	0.7	2.5	0.6	1.8	0.8	337	342	26.4
062515	1540	2.6	0.7	2.3	0.7	1.4	0.8	336	342	26.3
062515	1550	2.6	0.6	2.6	0.6	2.2	0.6	335	342	26.4
062515	1600	2.9	0.7	2.8	0.7	2.3	0.7	338	344	26.1
062515	1610	2.5	1.1	2.2	1.2	1.6	1.1	337	342	24.7
062515	1620	1.3	0.9	1.4	0.8	1.1	0.8	341	345	24.6
062515	1630	1.6	1.1	1.4	1	0.6	0.6	338	343	22.7
062515	1640	2.5	0.9	2.4	0.9	1.9	1	338	342	22.6
062515	1650	1.2	0.8	1.3	0.8	0.9	0.7	340	344	22.5
062515	1700	1.9	1.3	1.6	1.2	1	0.8	340	348	23.5
062515	1710	1.4	0.9	1.3	0.7	0.8	0.5	337	340	23.4
062515	1720	1	0.5	1	0.6	0.8	0.5	345	346	21.7
062515	1730	1.9	0.9	1.7	0.9	1.1	0.9	340	344	21.7
062515	1740	2.1	1.2	1.7	1.2	1	0.9	339	344	20.4
062515	1750	4.1	0.8	3.7	0.8	2.4	0.9	337	343	21
062515	1800	4.6	0.9	4.4	0.8	3.3	1.3	338	344	23.1
062515	1810	4.4	1.1	4.1	1.1	2.9	1.5	338	344	24.9
062515	1820	6.9	0.7	6.7	0.8	5.9	1.2	339	344	27.4
062515	1830	6.1	0.5	6.1	0.6	5.6	0.8	340	344	28.6
062515	1840	6.2	0.8	6.1	1	5.5	1.2	340	344	28.7
062515	1850	6.9	0.6	6.9	0.7	6.4	0.8	340	345	30.2
062515	1900	6.4	0.6	6.2	0.7	5.6	0.8	339	344	31.4
062515	1910	6	0.5	6	0.6	5.4	0.7	339	345	32.2
062515	1920	5.4	0.5	5.3	0.5	4.7	0.5	340	345	32.9
062515	1930	4.7	0.5	4.7	0.5	4.3	0.5	340	345	32.8
062515	1940	3.7	0.4	3.7	0.5	3.2	0.5	341	345	32.7
062515	1950	3.9	0.3	3.9	0.4	3.4	0.4	341	345	32.6
062515	2000	3.6	0.5	3.6	0.6	3	0.7	340	345	32.7
062515	2010	4.2	0.5	4	0.5	3.4	0.6	341	345	32.2
062515	2020	4.7	0.4	4.7	0.5	4	0.6	341	345	32.6
062515	2030	4.6	0.5	4.4	0.5	3.8	0.6	343	345	33.7
062515	2040	4.6	0.4	4.6	0.4	3.8	0.6	344	346	34.3
062515	2050	4.4	0.5	4.3	0.6	3.7	0.6	343	345	34.8
062515	2100	4.3	0.3	4.2	0.4	3.4	0.5	345	346	35.2
062515	2110	3.8	0.6	3.6	0.6	2.4	0.8	347	347	35.2
062515	2120	3.5	0.6	3.5	0.6	2.6	0.8	347	346	35
062515	2130	3.5	0.4	3.4	0.4	2.5	0.6	347	346	35.2
062515	2140	3.2	0.4	3.1	0.4	2.2	0.6	347	347	35.4
062515	2150	2.8	0.4	2.7	0.4	1.9	0.6	347	347	35.6
062515	2200	2.6	0.3	2.6	0.3	1.5	0.5	348	347	35.7
062515	2210	2.2	0.4	2	0.4	0.9	0.6	348	347	35.9
062515	2220	1.4	0.3	1.2	0.3	0.3	0	348	348	35.9
062515	2230	1.2	0.2	0.9	0.2	0.3	0	348	347	35.9
062515	2240	1.4	0.4	1.1	0.3	0.4	0.1	348	347	36.1
062515	2250	1.4	0.3	1.1	0.3	0.3	0	348	347	36.2
062515	2300	1.5	0.2	0.8	0.3	0.3	0	348	348	36.4
062515	2310	1.1	0.2	0.3	0.1	0.3	0	349	348	36.5
062515	2320	1	0.3	0.3	0	0.3	0	349	348	36.6
062515	2330	0.9	0.2	0.3	0	0.3	0	349	348	36.5
062515	2340	1.1	0.2	0.3	0.1	0.3	0	348	347	36.6
062515	2350	0.9	0.4	0.3	0.1	0.3	0	349	348	36.6
062615	0000	1.9	0.2	1.1	0.4	0.3	0	347	348	36.7
062615	0010	2.1	0.4	1.3	0.5	0.4	0.1	348	348	37.2
062615	0020	0.7	0.4	0.5	0.4	0.3	0	347	347	37.3
062615	0030	2.8	0.6	2.6	0.4	0.4	0.2	340	344	37.3
062615	0040	2.7	0.3	2.1	0.3	0.3	0	343	344	37.6
062615	0050	2.9	0.2	2.3	0.2	0.3	0.1	340	344	37.7
062615	0100	3	0.2	2.3	0.2	0.7	0.3	341	345	37.9
062615	0110	2.7	0.3	1.5	0.5	0.4	0.2	342	346	38.1
062615	0120	2.2	0.2	0.8	0.3	0.3	0	344	346	38.2
062615	0130	2.3	0.3	1.1	0.2	0.3	0	340	346	38.3
062615	0140	2.7	0.5	1.9	0.6	0.5	0.3	342	345	38.4
062615	0150	3	0.4	2.1	0.5	0.5	0.3	337	345	38.4
062615	0200	2.6	0.5	1.4	0.7	0.5	0.3	340	346	38.7
062615	0210	0.9	0.5	0.3	0	0.3	0	343	346	38.9
062615	0220	0.5	0.2	0.3	0	0.3	0	343	346	39.3
062615	0230	0.3	0.1	0.3	0	0.3	0	343	346	39.4
062615	0240	1	0.2	0.3	0	0.3	0	343	346	39.4
062615	0250	1.4	0.3	0.3	0	0.3	0.1	343	346	39.5
062615	0300	0.4	0.1	0.3	0	0.3	0	343	346	39.6
062615	0310	0.3	0.1	0.3	0	0.3	0	343	346	39.7
062615	0320	0.4	0.1	0.3	0	0.3	0	343	346	39.8
062615	0330	0.3	0	0.3	0	0.3	0	343	346	39.7
062615	0340	0.6	0.3	0.3	0	0.3	0	343	346	39.9
062615	0350	1.2	0.2	0.3	0.1	0.3	0	341	346	39.9
062615	0400	0.9	0.4	0.3	0	0.3	0	342	348	40
062615	0410	0.5	0.2	0.3	0	0.3	0	343	348	40.1
062615	0420	0.7	0.4	0.3	0	0.3	0	342	348	40.2
062615	0430	1.3	0.3	0.3	0	0.3	0	340	348	40.3
062615	0440	2.5	0.8	1.6	0.7	0.6	0.4	339	344	40.5
062615	0450	2.3	0.5	1.6	0.6	0.4	0.2	341	343	40.6
062615	0500	2.8	0.4	2.2	0.4	0.5	0.3	341	343	40.6
062615	0510	2.7	0.3	2	0.3	0.5	0.3	341	343	40.6
062615	0520	2.7	0.4	1.9	0.3	0.4	0.1	342	343	40.6
062615	0530	2.7	0.2	1.3	0.4	0.3	0.1	342	344	40.7
062615	0540	2.7	0.2	1.4	0.3	0.3	0	340	344	40.9
062615	0550	2.7	0.2	1.5	0.3	0.6	0.3	339	345	41.1
062615	0600	2.5	0.3	1.4	0.4	0.6	0.3	340	347	41.1
062615	0610	2.2	0.2	1	0.2	0.3	0	343	347	41.2
062615	0620	1.7	0.2	0.5	0.2	0.3	0	343	347	41.4
062615	0630	1.5	0.2	0.3	0	0.3	0	343	347	41.6
062615	0640	0.8	0.4	0.3	0	0.3	0	343	347	41.8
062615	0650	0.3	0	0.3	0	0.3	0	343	347	41.6
062615	0700	0.3	0.1	0.3	0	0.3	0	343	347	41.6
062615	0710	0.4	0.2	0.3	0	0.3	0	343	347	41.8
062615	0720	0.6	0.3	0.3	0	0.3	0	343	347	41.9
062615	0730	1.2	0.2	0.3	0	0.3	0	340	346	41.9
062615	0740	1.6	0.2	0.3	0.1	0.3	0	340	345	41.9
062615	0750	1.2	0.2	0.3	0.1	0.3	0	341	345	42
062615	0800	1.6	0.3	0.4	0.2	0.3	0	340	344	41.9
062615	0810	2.8	0.3	1.8	0.3	0.4	0.2	338	342	41.8
062615	0820	2.8	0.4	1.6	0.5	0.5	0.4	336	343	41.8
062615	0830	2.9	0.5	2	0.6	0.6	0.4	336	343	41.6
062615	0840	3.4	0.6	2.5	0.5	0.8	0.5	336	343	41.5
062615	0850	3.1	0.5	2.4	0.6	0.8	0.5	337	343	41.7
062615	0900	3.7	0.6	2.8	0.7	1.3	0.8	335	343	42.1
062615	0910	4.4	0.6	3.6	0.8	1.2	0.8	336	343	42.3
062615	0920	4	0.7	3.1	0.9	0.9	0.6	337	343	42.2
062615	0930	4.9	0.5	3.8	0.7	1.2	0.6	336	343	41.8
062615	0940	5.2	0.8	4.4	0.9	1.9	1	337	343	41.5
062615	0950	4.2	0.8	3.5	0.8	1.7	1	337	343	41.1
062615	1000	4.6	0.6	4	0.7	1.9	0.9	337	344	41
062615	1010	4.5	0.7	4	0.7	3.2	1	338	345	40.1
062615	1020	4.9	0.6	4.6	0.7	3.8	0.9	339	345	38.9
062615	1030	5.5	0.6	5.4	0.7	4.4	1.1	340	345	39
062615	1040	5.2	0.7	4.7	0.7	3	1.3	339	344	38.8
062615	1050	5.5	0.6	5	0.8	3.4	1	337	344	38.8
062615	1100	5.4	0.7	5.1	0.8	4.4	0.9	341	345	38
062615	1110	5.4	0.5	5.2	0.5	4.5	0.8	340	345	37.5
062615	1120	4.8	0.6	4.7	0.6	4.2	0.7	341	345	37.4
062615	1130	4.5	0.5	4.5	0.5	3.8	0.7	340	345	36.7
062615	1140	4.3	0.5	4.2	0.5	3.4	0.9	341	345	36.6
062615	1150	3.8	0.6	3.8	0.6	3	0.9	341	346	36.1
062615	1200	3.4	0.6	3.3	0.6	2.5	0.9	341	346	35.3
062615	1210	3.3	0.6	3.3	0.6	2.3	1	340	345	34.9
062615	1220	2.8	0.6	2.7	0.6	1.7	1	340	345	34.2
062615	1230	1.8	0.5	1.6	0.7	0.7	0.6	342	346	33.5
062615	1240	1.8	0.5	1.6	0.6	0.5	0.3	340	345	32.6
062615	1250	2.6	0.5	2.4	0.6	0.9	0.8	339	345	32.1
062615	1300	2.2	0.5	2.1	0.8	1	0.8	340	345	30.9
062615	1310	2.8	0.5	2.6	0.8	1.6	0.9	336	341	30.8
062615	1320	2.8	0.6	2.5	0.7	1.5	0.8	335	341	30.8
062615	1330	2.7	0.6	2.6	0.7	1.6	0.9	336	340	29.7
062615	1340	2.5	0.7	2	0.9	1	0.8	336	341	28.3
062615	1350	2.3	1	2.2	0.8	1.4	1	331	336	27.5
062615	1400	3.4	0.6	3.1	0.6	2	0.9	334	338	28.1
062615	1410	3.6	0.7	3.4	0.7	2.2	0.9	335	340	28.8
062615	1420	3.5	0.6	3.2	0.8	2.2	1	333	339	29.1
062615	1430	3.5	0.5	3.3	0.5	2.2	0.8	333	338	29.7
062615	1440	4.2	0.7	3.8	1	2.4	1.2	334	339	29.5
062615	1450	5	1	4.6	0.9	3	0.9	334	340	29.9
062615	1500	5.8	0.8	5.1	0.9	3.3	1	333	340	31
062615	1510	5.2	0.8	4.8	0.9	3.2	1.1	334	341	31
062615	1520	4.9	0.8	4.4	0.8	2.6	1.1	335	341	30.6
062615	1530	4.2	0.6	3.8	0.7	1.7	0.9	336	342	30.8
062615	1540	4.6	0.8	4.1	0.9	2.2	1	335	341	30.5
062615	1550	5.2	0.8	4.7	0.9	3.1	1	334	340	30.4
062615	1600	4.8	1	4.3	0.9	2.8	1	335	341	30.8
062615	1610	5.3	0.5	4.7	0.7	3	0.9	335	341	32.1
062615	1620	4.8	0.6	4.1	0.7	1.8	0.8	336	342	34.1
062615	1630	3.7	0.8	3.1	0.6	1.3	0.9	336	342	34.1
062615	1640	3	0.7	2.4	0.8	1	0.7	337	343	32.3
062615	1650	3.9	0.6	3.6	0.7	1.6	0.9	337	343	30.2
062615	1700	4.1	1	3.5	1	2.1	0.9	337	343	29.3
062615	1710	4.1	0.9	3.7	1	2	1.2	337	343	29.5
062615	1720	4.5	0.7	4	0.9	2.4	1.3	338	343	28.9
062615	1730	4.3	0.5	4	0.9	3.1	1.5	338	344	28.8
062615	1740	5.2	0.9	4.7	0.9	3.5	1	338	344	29.7
062615	1750	5.2	0.9	4.9	0.9	3.5	1.3	338	344	30.5
062615	1800	4.4	0.7	4.1	0.7	2.8	1	338	344	30.5
062615	1810	5	0.7	4.6	0.8	3	1.2	338	344	30.9
062615	1820	5.2	0.5	4.7	0.6	2	0.8	336	343	31
062615	1830	5.2	0.7	4.7	0.8	3.3	1	338	344	31
062615	1840	5.2	0.6	4.7	0.8	3.3	1.2	339	344	31
062615	1850	5.7	1.2	5.6	1.2	4.9	1.3	338	344	31.4
062615	1900	6.4	0.7	6.4	0.8	5.7	0.9	342	345	32.3
062615	1910	5.9	1.1	5.6	1.2	4.6	1.4	345	350	33.1
062615	1920	5.2	1.4	4.2	1.3	2.9	1.5	349	16	36
062615	1930	4.7	0.7	3.9	0.9	2.6	0.8	18	187	39.3
062615	1940	4.1	0.6	3.7	0.7	2.4	1	172	203	40.6
062615	1950	3.5	0.5	3.1	0.5	1.9	0.7	32	192	41.1
062615	2000	3.7	0.5	3.4	0.5	1.9	0.8	145	215	41.1
062615	2010	3.7	0.7	3.4	0.7	2	1	51	200	40.9
062615	2020	4.2	0.6	3.8	0.7	2.2	1	46	185	41.1
062615	2030	3.1	0.6	2.6	0.6	1	0.8	0	18	41.6
062615	2040	2.4	0.4	1.8	0.4	0.5	0.3	1	45	41.8
062615	2050	2.4	0.4	2.1	0.4	0.8	0.5	348	352	42.2
062615	2100	2.4	0.4	2.1	0.4	0.7	0.4	349	349	42.5
062615	2110	2.4	0.3	2.4	0.3	1.1	0.5	348	348	42.6
062615	2120	2.9	0.4	2.8	0.4	1.6	0.7	347	348	42.9
062615	2130	2.1	0.4	1.8	0.4	0.5	0.2	348	348	43.2
062615	2140	2	0.3	1.6	0.4	0.4	0.1	348	349	43.2
062615	2150	2.6	0.5	2.5	0.5	1.1	0.8	347	348	43.1
062615	2200	2.7	0.2	2.5	0.3	1.1	0.6	347	348	43
062615	2210	2.4	0.3	2.2	0.3	0.9	0.6	347	348	42.8
062615	2220	2.4	0.4	2.3	0.4	0.8	0.5	347	348	42.6
062615	2230	2.7	0.5	2.4	0.5	0.9	0.6	348	348	42.6
062615	2240	2.2	0.2	2	0.3	0.5	0.3	348	348	42.5
062615	2250	2.1	0.3	1.8	0.3	0.5	0.3	348	348	42.5
062615	2300	2.3	0.2	2	0.3	0.5	0.2	347	348	42.5
062615	2310	2.3	0.3	2	0.3	0.7	0.4	347	348	42.5
062615	2320	2.5	0.3	2	0.4	0.6	0.3	347	348	42.5
062615	2330	2.8	0.4	2.3	0.4	0.9	0.5	347	347	42.4
062615	2340	2.8	0.4	2.6	0.4	0.9	0.5	347	347	42.4
062615	2350	2.9	0.3	2.6	0.3	1	0.5	345	346	42.4
062715	0000	3.3	0.3	3	0.3	1.8	0.5	344	346	42.5
062715	0010	3.2	0.3	2.9	0.3	1.3	0.5	342	345	42.5
062715	0020	3.3	0.2	2.8	0.3	1	0.6	342	346	42.7
062715	0030	3.3	0.3	2.7	0.2	1	0.5	343	346	42.8
062715	0040	3.1	0.3	2.4	0.3	0.6	0.3	343	346	42.7
062715	0050	2.9	0.2	2.4	0.3	0.6	0.3	342	346	42.6
062715	0100	2.8	0.2	2.3	0.2	0.5	0.2	343	346	42.7
062715	0110	2.5	0.3	1.8	0.2	0.4	0.1	343	347	42.8
062715	0120	2.5	0.3	1.9	0.3	0.4	0.2	342	346	42.9
062715	0130	2.4	0.4	1.7	0.4	0.4	0.1	342	346	42.9
062715	0140	1.4	0.3	0.7	0.3	0.3	0	344	346	43
062715	0150	1.7	0.2	0.8	0.3	0.3	0	344	347	42.9
062715	0200	1.4	0.3	0.5	0.3	0.3	0	345	347	43
062715	0210	1.2	0.6	0.7	0.4	0.3	0	345	347	43.1
062715	0220	0.4	0.1	0.3	0	0.3	0	345	347	43.2
062715	0230	0.7	0.4	0.4	0.2	0.3	0	345	347	43.2
062715	0240	1	0.2	0.4	0.1	0.3	0	345	347	43
062715	0250	0.9	0.3	0.4	0.2	0.3	0	344	347	43
062715	0300	1.1	0.4	0.4	0.2	0.3	0	344	347	43
062715	0310	1.9	0.2	1.3	0.2	0.3	0	343	347	43.1
062715	0320	1.6	0.4	0.7	0.5	0.3	0	344	347	43
062715	0330	0.8	0.3	0.3	0	0.3	0	344	347	43.2
062715	0340	0.5	0.3	0.3	0	0.3	0	345	347	43.3
062715	0350	0.7	0.3	0.3	0	0.3	0	345	347	43.3
062715	0400	0.5	0.2	0.3	0	0.3	0	345	347	43.3
062715	0410	0.3	0.1	0.3	0	0.3	0	345	347	43.4
062715	0420	0.4	0.1	0.3	0	0.3	0	345	347	43.5
062715	0430	0.3	0	0.3	0	0.3	0	345	347	43.6
062715	0440	0.3	0	0.3	0	0.3	0	345	347	43.8
062715	0450	0.3	0	0.3	0	0.3	0	345	347	43.6
062715	0500	0.7	0.3	0.7	0.4	0.3	0	343	348	43.9
062715	0510	1.1	0.3	1.4	0.3	0.3	0	346	349	44.4
062715	0520	0.7	0.2	0.7	0.2	0.3	0	347	349	44.7
062715	0530	0.3	0.1	0.3	0	0.3	0	347	349	45.1
062715	0540	0.3	0	0.3	0	0.3	0	347	348	45.1
062715	0550	0.3	0.1	0.4	0.2	0.3	0	347	349	44.9
062715	0600	0.3	0	0.7	0.3	0.3	0	347	349	45.1
062715	0610	0.7	0.4	1.3	0.3	0.3	0	347	349	45.2
062715	0620	0.6	0.3	1.2	0.3	0.3	0	347	349	45.4
062715	0630	0.3	0	0.3	0	0.3	0	347	349	45.4
062715	0640	0.3	0	0.3	0	0.3	0	347	348	45.2
062715	0650	0.3	0	0.3	0	0.3	0	347	348	45
062715	0700	0.3	0	0.3	0	0.3	0	347	348	45
062715	0710	0.7	0.3	0.6	0.3	0.3	0	347	347	45
062715	0720	0.7	0.3	0.6	0.3	0.4	0.1	347	347	45.1
062715	0730	0.4	0.1	0.3	0	0.3	0	347	348	45.1
062715	0740	0.4	0.3	0.3	0	0.3	0	347	348	45.4
062715	0750	1.2	0.2	0.3	0	0.3	0	345	348	45.5
062715	0800	0.9	0.2	0.3	0	0.3	0	346	348	45.4
062715	0810	1.1	0.3	0.4	0.2	0.3	0	346	348	45.2
062715	0820	2	0.4	1.2	0.3	0.3	0	342	347	45.1
062715	0830	2.4	0.2	1.5	0.3	0.3	0	342	347	44.9
062715	0840	2.1	0.4	1.1	0.5	0.3	0	340	347	44.6
062715	0850	2.7	0.6	2.1	0.9	0.8	0.6	341	346	44.2
062715	0900	3.5	0.3	3.3	0.3	2.7	0.5	343	346	44.4
062715	0910	3.6	0.4	3.3	0.4	2.4	0.6	343	345	44.8
062715	0920	3.3	0.5	2.9	0.6	2.1	0.9	343	345	45.2
062715	0930	2.6	0.5	2.2	0.6	1.1	0.7	343	346	44.9
062715	0940	3.6	0.6	3.3	0.7	1.7	1	341	345	44.8
062715	0950	2.2	0.5	1.7	0.8	0.5	0.3	341	344	44.5
062715	1000	2.1	0.4	1.9	0.5	0.5	0.5	342	345	44.3
062715	1010	2.4	0.6	2.1	0.6	0.8	0.6	341	344	44.1
062715	1020	2.9	0.3	2.6	0.4	1.2	0.7	343	345	43.8
062715	1030	2.8	0.4	2.5	0.5	1.7	0.6	343	345	43.6
062715	1040	1.4	0.5	1.6	0.5	0.8	0.5	344	346	43.2
062715	1050	1.4	0.5	1.3	0.4	0.5	0.3	345	346	42.7
062715	1100	0.9	0.5	1.1	0.5	0.4	0.2	345	346	42.2
062715	1110	1.5	0.5	1.6	0.5	0.9	0.6	345	347	41.8
062715	1120	1.4	0.4	1.6	0.4	1	0.6	344	347	41.4
062715	1130	0.9	0.7	1.1	0.7	0.5	0.3	345	347	40.9
062715	1140	0.4	0.2	0.4	0.2	0.3	0	343	347	40.4
062715	1150	0.6	0.5	0.7	0.4	0.4	0.1	343	346	39.9
062715	1200	0.8	0.5	1	0.4	0.4	0.2	343	345	39.5
062715	1210	0.3	0.1	0.4	0.2	0.4	0.1	343	345	39.1
062715	1220	0.3	0	0.3	0	0.3	0	343	345	38.5
062715	1230	0.3	0	0.3	0	0.3	0	343	344	38
062715	1240	0.3	0	0.3	0.1	0.3	0	343	344	37.6
062715	1250	0.3	0	0.3	0.1	0.3	0	342	344	36.7
062715	1300	0.7	0.4	0.6	0.4	0.3	0	335	340	36.5
062715	1310	1.4	0.7	1.2	0.8	0.7	0.4	331	336	36.6
062715	1320	3	0.4	2.8	0.5	2	0.6	326	331	37
062715	1330	3.3	0.3	3.1	0.3	2.5	0.6	325	330	37.6
062715	1340	2.8	0.6	2.4	0.6	1.3	0.7	327	334	37.2
062715	1350	3.3	0.6	2.8	0.6	1.7	0.9	325	334	36.9
062715	1400	3.1	0.4	2.5	0.7	1	0.8	325	336	36.4
062715	1410	3.6	0.3	3.4	0.4	2.4	0.6	327	334	36.9
062715	1420	3.5	0.5	3.2	0.6	2.2	0.9	325	334	37.2
062715	1430	3.3	0.4	2.8	0.5	1.1	0.7	326	335	37.5
062715	1440	3.2	0.4	2.7	0.6	1.4	0.9	326	335	37.6
062715	1450	2.9	0.6	2.3	0.8	0.9	0.7	325	336	37.3
062715	1500	2.8	0.3	2.6	0.3	1.8	0.6	328	334	37.4
062715	1510	2.7	0.4	2.5	0.5	1.7	0.7	328	334	37.5
062715	1520	2.7	0.3	2.3	0.4	1.4	0.7	322	328	37.2
062715	1530	2.9	0.5	2.5	0.6	1.9	0.8	321	327	36.8
062715	1540	2.7	0.4	2.4	0.4	1.7	0.7	311	319	36.5
062715	1550	2.3	0.4	1.9	0.5	0.9	0.6	297	310	36.4
062715	1600	1.6	0.3	1	0.5	0.6	0.4	300	316	36.7
062715	1610	2.1	0.5	1.8	0.6	1	0.7	314	325	36.7
062715	1620	3.3	0.5	3.1	0.5	2	0.8	308	316	37
062715	1630	4.1	0.5	3.8	0.6	2.9	0.7	300	312	38
062715	1640	4.4	0.5	4.2	0.6	3.2	0.6	299	311	38.9
062715	1650	3.6	0.6	3.4	0.6	2.3	0.8	294	309	38.9
062715	1700	3.3	0.7	2.9	1	1.8	0.9	277	288	38.5
062715	1710	3.8	0.4	3.6	0.6	2.6	0.9	189	249	38.8
062715	1720	4.4	0.5	4.1	0.6	2.9	0.8	231	274	39.3
062715	1730	4.9	0.4	4.6	0.7	3	0.8	247	280	40.1
062715	1740	4.8	0.5	4.3	0.6	3	0.7	255	283	40.1
062715	1750	3.3	0.6	2.8	0.7	1.7	0.8	263	289	39.9
062715	1800	4	0.5	3.6	0.5	2.6	0.7	265	292	40.2
062715	1810	2.8	0.5	2.3	0.6	1.3	0.8	20	210	40.5
062715	1820	3.6	0.6	2.9	0.7	1.9	0.9	23	179	40.5
062715	1830	3.7	0.6	3	0.9	1.7	1	356	204	39.8
062715	1840	3.6	0.6	3.1	0.7	1.9	1	124	198	39.4
062715	1850	2.7	0.6	1.9	0.6	0.8	0.5	22	255	38.8
062715	1900	3.3	0.4	2.2	0.6	0.9	0.7	354	352	38.4
062715	1910	2.4	0.5	1.8	0.5	0.6	0.4	147	257	38.5
062715	1920	2.2	0.5	1.6	0.5	0.6	0.4	232	249	38.8
062715	1930	2	0.3	1.8	0.4	0.7	0.4	258	294	39.1
062715	1940	1	0.5	0.5	0.4	0.3	0	277	304	39.3
062715	1950	0.3	0	0.3	0	0.3	0	279	304	39.1
062715	2000	0.4	0.2	0.3	0	0.3	0	280	305	38.8
062715	2010	0.3	0	0.3	0	0.3	0	280	305	38.8
062715	2020	0.3	0.1	0.3	0	0.3	0	280	305	38.6
062715	2030	1	0.4	0.4	0.1	0.3	0	275	304	38.8
062715	2040	0.9	0.4	0.4	0.2	0.3	0	264	304	38.7
062715	2050	1.4	0.4	0.8	0.4	0.3	0	281	305	38.8
062715	2100	0.8	0.5	0.3	0.1	0.3	0	287	306	38.7
062715	2110	1.3	0.3	0.6	0.3	0.3	0	290	304	38.8
062715	2120	1.2	0.3	0.4	0.2	0.3	0	281	301	38.8
062715	2130	0.5	0.4	0.3	0	0.3	0	263	302	39
062715	2140	0.3	0	0.3	0	0.3	0	267	304	39
062715	2150	0.5	0.2	0.3	0	0.3	0	267	304	39.1
062715	2200	0.8	0.2	0.3	0	0.3	0	265	304	39.2
062715	2210	0.7	0.2	0.3	0	0.3	0	265	304	39.3
062715	2220	1.1	0.2	0.3	0	0.3	0	261	303	39.3
062715	2230	1.7	0.2	0.4	0.1	0.3	0	313	298	39.5
062715	2240	1.7	0.2	0.5	0.2	0.3	0	0	265	39.5
062715	2250	1.8	0.3	0.6	0.4	0.3	0	0	259	39.6
062715	2300	2.2	0.2	1	0.3	0.3	0	0	242	39.7
062715	2310	1.7	0.2	0.3	0	0.3	0	0	245	39.9
062715	2320	1.7	0.2	0.3	0	0.3	0	0	246	39.9
062715	2330	2.5	0.4	0.7	0.3	0.3	0	0	245	40
062715	2340	2.8	0.3	1.1	0.4	0.3	0	0	117	40.1
062715	2350	2.6	0.3	1.3	0.4	0.3	0.1	349	23	40.3
062815	0000	2.2	0.3	0.8	0.3	0.3	0	351	0	40.3
062815	0010	2.4	0.3	0.9	0.5	0.4	0.2	350	0	40.3
062815	0020	2.2	0.4	0.7	0.4	0.3	0	351	0	40.5
062815	0030	2	0.2	0.8	0.4	0.3	0	351	0	40.5
062815	0040	1.8	0.3	0.4	0.2	0.3	0	351	0	40.6
062815	0050	1.4	0.2	0.3	0	0.3	0	351	0	40.7
062815	0100	1.5	0.2	0.3	0.1	0.3	0	351	0	40.7
062815	0110	1.9	0.2	0.7	0.4	0.3	0	351	0	40.8
062815	0120	1.9	0.2	0.6	0.2	0.3	0	351	0	41
062815	0130	2.7	0.3	1.3	0.5	0.3	0	350	0	41.1
062815	0140	2.9	0.2	1.3	0.4	0.3	0	350	0	41.1
062815	0150	2.7	0.3	1.2	0.6	0.3	0	350	0	41.1
062815	0200	2.8	0.3	1.6	0.4	0.3	0.1	350	349	41.1
062815	0210	3.2	0.3	2.1	0.5	0.5	0.3	349	349	41.4
062815	0220	3.4	0.3	2.4	0.4	0.6	0.3	350	349	41.5
062815	0230	3.3	0.3	2.3	0.4	0.5	0.3	349	349	41.4
062815	0240	3	0.4	2.1	0.5	0.4	0.2	348	348	41.6
062815	0250	2.7	0.5	1.5	0.7	0.4	0.1	348	349	41.8
062815	0300	1.3	0.7	0.6	0.5	0.3	0	348	349	41.9
062815	0310	1.7	0.6	0.7	0.5	0.3	0	347	349	41.9
062815	0320	2.3	0.4	1.3	0.4	0.3	0	347	348	42.1
062815	0330	2.9	0.3	1.8	0.4	0.4	0.1	348	349	42.2
062815	0340	2.7	0.4	1.4	0.6	0.3	0.1	348	349	42.3
062815	0350	2.7	0.2	1.5	0.3	0.3	0	348	349	42.4
062815	0400	2.2	0.2	0.9	0.4	0.3	0	348	349	42.5
062815	0410	1.5	0.5	0.4	0.2	0.3	0	348	349	42.5
062815	0420	1.8	0.4	0.5	0.4	0.3	0	347	349	42.5
062815	0430	3	0.2	2.3	0.2	0.6	0.2	347	348	42.7
062815	0440	2.9	0.2	2.1	0.4	0.4	0.3	348	348	42.9
062815	0450	3.2	0.2	2.2	0.3	0.5	0.3	347	348	43
062815	0500	2.7	0.2	1.6	0.4	0.4	0.1	348	348	43.1
062815	0510	2.7	0.3	1.5	0.3	0.3	0	348	349	43.1
062815	0520	2.4	0.3	1	0.5	0.3	0	349	349	43.1
062815	0530	3.3	0.4	1.7	0.5	0.4	0.2	349	348	43.1
062815	0540	3.2	0.5	2.4	0.7	0.8	0.5	211	239	43
062815	0550	2.5	0.6	1.4	0.6	0.4	0.2	305	323	43
062815	0600	2	0.5	0.9	0.7	0.3	0	313	327	43.4
062815	0610	2	0.4	1.2	0.4	0.3	0	303	315	43.4
062815	0620	2.5	0.3	1.2	0.4	0.3	0	302	316	43.2
062815	0630	2.5	0.3	0.8	0.3	0.3	0	307	316	42.9
062815	0640	2.8	0.3	1.3	0.4	0.3	0	315	318	43
062815	0650	4	0.7	2.9	0.8	0.9	0.8	318	326	43.2
062815	0700	5.1	0.8	4.5	0.7	3.2	0.9	323	329	43.8
062815	0710	5.3	0.8	4.8	0.7	3.8	0.8	319	326	44.6
062815	0720	5.3	1.2	4.8	1.3	3.6	1.6	295	298	45.7
062815	0730	4.7	0.8	4.1	0.7	2.3	0.9	268	292	46.5
062815	0740	4.4	0.6	3.9	0.7	2	1.1	265	290	46.8
062815	0750	4.8	0.7	4	0.8	1.9	1.1	250	276	47.1
062815	0800	4.1	0.7	3.2	0.7	1.2	0.8	203	245	47.1
062815	0810	4	0.5	2.8	0.5	0.6	0.5	234	252	46.9
062815	0820	4	0.5	2.9	0.6	0.7	0.5	236	268	46.7
062815	0830	4.1	0.6	3.6	0.5	1.5	0.8	180	246	46.3
062815	0840	4.4	0.5	3.5	0.8	1.7	0.9	254	288	46.1
062815	0850	5.3	0.7	4.4	0.7	2.5	1	235	271	46
062815	0900	5.4	0.8	4.6	0.7	2.7	1.2	180	236	45.9
062815	0910	4.7	0.7	4.2	0.7	2.4	0.9	234	278	45.5
062815	0920	3.6	0.8	3.1	0.7	1.3	0.8	286	304	45.2
062815	0930	2.6	0.6	2.4	0.6	0.8	0.7	254	271	44.7
062815	0940	2.7	0.5	2	0.6	0.5	0.4	234	194	43.9
062815	0950	2	0.6	2	0.5	0.7	0.5	8	257	43.2
062815	1000	2.3	0.7	1.9	0.5	0.5	0.4	11	155	42.2
062815	1010	3.4	0.8	3	0.8	1.2	0.8	275	276	41.7
062815	1020	2.2	0.7	1.9	0.6	0.5	0.3	279	303	40.7
062815	1030	3	0.6	2.7	0.6	1.3	0.9	303	315	40.3
062815	1040	3.9	0.9	3.6	0.7	2.6	1.1	310	319	39.9
062815	1050	5.1	0.9	4.7	0.8	3.6	0.8	316	323	39.9
062815	1100	6.1	1.2	5.8	1.2	4.8	1.1	312	315	40.3
062815	1110	8.2	1.6	7.5	1.6	6.3	1.3	312	316	39.9
062815	1120	9.3	1.2	8.7	1.3	7.3	1.3	311	315	40
062815	1130	9.2	1.3	8.6	1.5	6.9	1.5	311	315	40.7
062815	1140	9.2	1.7	8.6	1.6	7.4	1.4	312	315	40.7
062815	1150	8.8	1.2	8.2	1.2	6.6	1.3	313	317	40.3
062815	1200	8.8	1.4	8.5	1.3	7.2	1.2	313	316	40
062815	1210	8.3	1.3	7.9	1.3	6.5	1.2	312	316	40.3
062815	1220	7.4	1	7	1.1	5.9	1	314	318	40.4
062815	1230	6.9	1.3	6.6	1.3	5.6	1.4	313	319	40.5
062815	1240	7.9	1.1	7.4	1	6.3	1.1	313	318	40.5
062815	1250	7.9	1.4	7.4	1.2	6.2	1.2	313	318	40.5
062815	1300	8.6	1.5	7.9	1.5	6.6	1.4	314	319	40.6
062815	1310	8.2	1.5	7.6	1.5	6.3	1.3	316	320	40.8
062815	1320	7.6	1	7.1	0.9	5.8	0.9	316	323	40.7
062815	1330	8.4	1.4	7.9	1.3	6.6	1	317	323	40.5
062815	1340	8.2	1.2	7.9	1.3	6.7	1.2	315	319	40.5
062815	1350	8.7	1.3	8	1.3	6.7	1.2	315	319	40.6
062815	1400	9.1	1.3	8.7	1.2	7.2	1.1	315	319	41
062815	1410	9.7	2.5	9.1	2.5	7.4	2	316	320	41.5
062815	1420	11.1	2.5	10.3	2.4	8.6	2.1	317	322	44.2
062815	1430	10.4	1.9	9.6	1.8	8.4	1.8	313	316	44.2
062815	1440	10.5	1.6	10.2	1.5	8.6	1.3	317	321	43.9
062815	1450	10	1.6	9.3	1.5	7.9	1.5	318	321	43.5
062815	1500	10.9	1.5	10.1	1.4	8.7	1.3	317	321	43.2
062815	1510	10.9	1.7	9.9	1.6	8.4	1.4	319	323	43.1
062815	1520	10	1.4	9.2	1.3	7.9	1.2	316	320	42.8
062815	1530	11.3	2.1	10.7	1.7	9.2	1.7	316	320	42.3
062815	1540	10.2	1.8	9.5	1.7	8.4	1.5	317	321	41.9
062815	1550	11.5	1.7	10.9	1.7	9.2	1.7	318	322	41.6
062815	1600	11.4	1.5	11.1	1.5	9.6	1.6	316	320	41.8
062815	1610	11.6	1.5	11	1.5	9.4	1.4	315	318	41.8
062815	1620	11.1	1.7	10.6	1.7	9.1	1.6	316	319	41.8
062815	1630	12.2	1.9	11.8	1.8	10	1.7	315	319	41.7
062815	1640	11.6	2.1	11.2	1.9	9.7	1.7	316	321	41.6
062815	1650	11	2	10.4	1.8	8.8	1.6	317	321	41.6
062815	1700	11	2.2	10.1	2.1	8.6	1.9	320	326	42.2
062815	1710	12	2	11.1	1.7	9.4	1.7	321	326	42.7
062815	1720	12.7	1.6	11.7	1.5	10	1.3	322	327	42.3
062815	1730	11.2	1.8	10.5	1.6	8.9	1.7	321	325	42
062815	1740	10.9	1.8	10.2	1.7	8.6	1.6	322	328	42.6
062815	1750	9.6	1.4	9.3	1.3	8.1	1.2	319	324	42.3
062815	1800	9.5	1.3	9.2	1.3	7.8	1.1	317	323	42.2
062815	1810	10.3	1.5	9.6	1.5	7.9	1.3	319	325	42.4
062815	1820	9.8	1.3	9.3	1.3	7.7	1.2	320	325	42.5
062815	1830	8.9	1.2	8.4	1.4	7.3	1.3	317	322	42.6
062815	1840	10.2	1.2	9.8	1.2	8.2	1.4	318	323	42.8
062815	1850	9.1	1.2	8.7	1.1	7.5	1	318	323	42.4
062815	1900	10.9	1.8	10.3	1.7	8.5	1.6	319	324	42.1
062815	1910	10.8	1.7	10.2	1.6	8.7	1.4	318	323	41.8
062815	1920	11.3	1.7	11	1.7	9.1	1.5	319	324	41.8
062815	1930	8.8	1.2	8.5	1	6.9	1.1	318	323	42.2
062815	1940	10	1.7	9.5	1.5	8	1.5	317	323	42.3
062815	1950	9	1.4	8.7	1.4	7.5	1.4	316	321	42.3
062815	2000	8.6	1.5	8.3	1.3	7.1	1.3	316	321	42.5
062815	2010	8.4	1.2	8.2	1.1	7	1.2	315	320	42.5
062815	2020	9.5	1.4	9	1.5	7.4	1.2	314	319	42.6
062815	2030	8.8	1.2	8.4	1.2	7.2	1.3	315	319	42.7
062815	2040	9.1	1.2	8.6	1.1	7.5	1.1	315	319	42.6
062815	2050	9.7	1.5	9	1.4	7.6	1.4	315	319	42.3
062815	2100	8.9	1.5	8.4	1.3	7.2	1.3	313	319	42
062815	2110	8.3	1.1	8.1	1	7	1.2	314	319	41.9
062815	2120	7.4	1.2	7.1	1.1	5.9	1	313	319	41.9
062815	2130	7.9	1.1	7.4	1	6	1	312	318	42.1
062815	2140	7.8	1.1	7.2	1.1	6.1	1	313	318	42.2
062815	2150	7.9	1.1	7.3	0.9	6.3	0.9	315	320	42.1
062815	2200	8.1	1	7.5	0.9	6.6	0.9	315	320	41.8
062815	2210	8	1.2	7.7	1	6.2	0.9	314	319	41.8
062815	2220	8.6	1	8.2	0.9	7.1	0.9	315	320	41.7
062815	2230	7.9	1.1	7.5	0.9	6.2	0.9	314	320	41.7
062815	2240	8.2	1.5	7.8	1.3	6.5	1.1	313	319	41.6
062815	2250	8.2	0.9	7.7	0.9	6.5	1	312	318	41.7
062815	2300	7.8	1	7.6	1.1	6.4	1.2	312	318	41.9
062815	2310	8	1	7.3	1	6	0.9	313	320	42.2
062815	2320	8	1	7.5	0.9	6.3	0.9	314	320	42.3
062815	2330	8	1.1	7.6	1	6.2	1	315	320	42.4
062815	2340	7.4	1.1	6.7	0.9	5.7	0.9	314	321	42.5
062815	2350	7.3	0.8	6.9	0.8	5.8	0.8	314	320	42.5
062915	0000	7.7	1.3	7	1.1	5.8	1.1	314	321	42.5
062915	0010	7.6	1.2	7	1.2	6	1.1	316	322	42.5
062915	0020	7.2	0.9	6.4	0.9	5.2	0.9	316	323	42.7
062915	0030	6.7	0.9	6.2	0.9	5.1	0.7	316	324	43
062915	0040	6.8	0.8	6.1	0.7	5	0.7	318	325	43.2
062915	0050	6.9	0.9	6.2	0.9	5	0.7	320	327	43.2
062915	0100	6.6	0.8	6.1	0.6	4.7	0.6	320	327	43.3
062915	0110	6.4	0.8	5.8	0.7	4.7	0.6	321	329	43.5
062915	0120	6.2	0.6	5.5	0.8	4.6	0.6	323	330	43.6
062915	0130	6.3	0.8	5.5	0.7	4.6	0.8	322	330	43.9
062915	0140	6.8	0.8	6.1	0.8	4.9	0.7	321	329	43.9
062915	0150	6.1	0.8	5.6	0.8	4.5	0.7	322	330	43.9
062915	0200	6.2	0.9	5.7	0.9	4.6	0.9	320	327	43.9
062915	0210	7.3	0.8	6.8	0.8	5.4	0.8	319	326	44
062915	0220	6.9	0.8	6.3	0.8	5	0.8	318	324	44.2
062915	0230	6.5	0.7	6.1	0.8	5	0.8	316	322	44.6
062915	0240	6.7	0.9	6.2	0.7	5	0.8	314	321	44.7
062915	0250	6.8	1	6.5	0.8	5.3	0.8	314	320	44.7
062915	0300	6.6	0.8	6	0.7	4.8	0.8	313	319	44.9
062915	0310	6.6	1	6.1	0.9	5.2	0.8	315	321	45
062915	0320	6.5	0.9	5.9	0.9	5	0.8	318	324	45.1
062915	0330	6.4	0.7	5.9	0.7	4.9	0.7	317	323	45.1
062915	0340	6.7	0.9	6.2	0.8	5.2	0.8	317	324	45.2
062915	0350	6.2	0.8	5.6	0.7	4.6	0.7	317	323	45.2
062915	0400	6.7	0.8	6.1	0.9	5.2	0.8	316	322	45.3
062915	0410	6.4	0.8	6	0.7	5	0.7	315	322	45.4
062915	0420	6.7	0.9	6.2	0.9	5.3	0.8	313	320	45.5
062915	0430	6.6	0.9	6.2	0.8	5.1	0.9	312	319	45.6
062915	0440	6.8	0.9	6.4	0.8	5.1	0.9	311	318	45.6
062915	0450	7	1	6.8	0.9	5.8	0.9	313	319	45.6
062915	0500	7.3	1.2	6.8	1.2	5.9	1.1	312	318	45.5
062915	0510	7.5	1.1	7.2	1.3	6	1.3	312	318	45.4
062915	0520	7.3	0.9	6.7	0.8	5.6	0.9	313	319	45.5
062915	0530	7.4	0.9	7	0.9	5.7	0.9	313	320	45.5
062915	0540	7.2	1.1	6.8	1	5.7	0.9	315	322	45.5
062915	0550	7.3	0.9	7	0.9	5.9	0.9	313	320	45.4
062915	0600	7.9	0.9	7.5	0.9	6.1	0.9	314	320	45.4
062915	0610	7.4	1	6.7	1	5.6	0.8	314	320	45.5
062915	0620	7.1	1	6.4	0.9	5.3	0.9	315	321	45.4
062915	0630	6.4	0.9	6.1	0.9	5.2	0.9	316	323	45.3
062915	0640	6.4	0.8	5.9	0.9	4.7	0.9	316	323	45.2
062915	0650	6.1	0.8	5.4	0.8	4.5	0.7	318	325	45.3
062915	0700	6.3	0.8	5.8	0.8	4.7	0.8	318	326	45.2
062915	0710	6.2	0.8	5.7	0.7	4.6	0.8	316	322	45.3
062915	0720	5.9	0.7	5.4	0.8	4.5	0.7	316	323	45.5
062915	0730	6.3	0.9	5.8	0.7	4.6	0.7	315	322	45.8
062915	0740	6.7	0.9	6	0.7	5.1	0.7	316	323	45.8
062915	0750	6	0.8	5.4	0.7	4.4	0.7	316	324	45.9
062915	0800	6.9	0.8	6.2	0.7	5	0.8	316	322	46
062915	0810	6.9	0.9	6.4	0.8	5.3	0.9	319	326	45.9
062915	0820	6.6	0.8	6	0.8	4.9	0.7	320	328	46
062915	0830	6.8	0.9	6.4	0.8	5.2	0.8	321	327	46
062915	0840	6.5	0.7	5.9	0.7	4.8	0.7	320	327	46.1
062915	0850	6.5	0.8	6.2	0.6	5	0.7	319	327	46.1
062915	0900	6.5	0.8	5.9	0.8	4.8	0.8	318	325	46.1
062915	0910	6.4	0.9	5.9	0.8	4.9	0.9	319	327	46.1
062915	0920	6.3	0.7	5.8	0.6	4.8	0.6	319	327	45.9
062915	0930	5.8	0.7	5.4	0.8	4.5	0.8	319	326	45.8
062915	0940	5.8	0.8	5.5	0.7	4.7	0.7	319	326	45.6
062915	0950	6.3	0.8	6	1	5	1	318	325	45.5
062915	1000	6.4	0.9	5.9	0.8	4.8	0.8	318	326	45.4
062915	1010	6	0.8	5.8	0.7	5	0.8	318	326	45.3
062915	1020	6.1	0.7	5.6	0.7	4.6	0.7	319	327	45
062915	1030	6.1	0.9	5.8	1	4.9	1	315	323	44.9
062915	1040	5.9	1	5.8	0.8	4.7	0.8	314	323	44.6
062915	1050	5.2	0.7	5	0.6	4.5	0.7	315	323	44.2
062915	1100	5.1	0.7	5.1	0.6	4.3	0.7	316	324	43.9
062915	1110	5.1	0.8	5	0.8	4.3	0.7	319	326	43.6
062915	1120	5.6	0.9	5.4	0.8	4.6	0.8	321	327	43.3
062915	1130	6.4	0.8	6	0.8	5.1	0.9	319	326	43.2
062915	1140	6.3	0.9	6	0.8	5.3	0.9	319	326	42.9
062915	1150	6.4	0.7	6	0.6	5.1	0.6	320	328	42.6
062915	1200	6.9	1	6.7	0.9	5.9	0.8	318	326	42.2
062915	1210	6.4	0.9	6.2	0.8	5.4	0.8	320	328	41.8
062915	1220	5.2	0.8	5	0.8	4.3	0.8	322	330	41.4
062915	1230	5.5	1.1	5.1	0.9	4.4	0.8	322	330	40.9
062915	1240	5.5	0.8	5.2	0.7	4.4	0.7	321	329	40.5
062915	1250	6.1	1	5.9	0.9	5.2	0.8	319	326	40.1
062915	1300	5.7	1	5.8	0.9	5.2	0.9	319	326	39.6
062915	1310	5.5	0.8	5.4	0.8	4.7	0.8	320	326	38.8
062915	1320	5.6	0.8	5.3	0.8	4.5	0.8	322	329	38.3
062915	1330	5	0.6	5	0.7	4.4	0.7	320	327	38.3
062915	1340	5.7	0.9	5.6	0.8	4.8	0.9	323	331	37.8
062915	1350	5.4	0.6	5.2	0.6	4.4	0.7	316	325	37.7
062915	1400	5.9	0.8	5.7	0.8	4.8	0.8	319	326	37.3
062915	1410	5.8	0.7	5.7	0.7	4.9	0.8	316	325	37.1
062915	1420	5.1	0.8	5.1	0.6	4.4	0.8	316	324	36.7
062915	1430	5.7	0.9	5.6	0.9	4.8	0.9	317	324	36.1
062915	1440	4.8	0.8	4.7	0.8	4.2	0.9	319	327	35.4
062915	1450	5.5	0.6	5.3	0.7	4.6	0.9	319	327	34.6
062915	1500	5	0.6	4.8	0.6	4.2	0.6	316	325	33.9
062915	1510	5.5	0.6	5.3	0.6	4.5	0.7	319	328	33.9
062915	1520	4.1	0.8	4	0.9	3.5	0.8	322	330	33.4
062915	1530	5.5	1.1	5.2	1.1	4.4	1	320	327	32.5
062915	1540	4.5	0.6	4.3	0.6	3.7	0.7	322	330	32.4
062915	1550	4	0.5	3.8	0.5	3.3	0.5	323	332	32.4
062915	1600	3.9	0.7	3.9	0.6	3.2	0.6	323	332	31.9
062915	1610	4.8	0.7	4.7	0.6	3.9	0.7	325	333	31.8
062915	1620	3.7	0.5	3.5	0.6	3	0.8	324	332	32
062915	1630	4.4	0.6	4.3	0.6	3.5	0.5	323	332	31.1
062915	1640	4.4	0.7	4.2	0.6	3.5	0.6	323	331	30.9
062915	1650	4.5	0.8	4.3	0.7	3.6	0.6	323	331	30.5
062915	1700	4.3	0.6	4.1	0.5	3.5	0.5	318	327	29.9
062915	1710	4.2	0.6	4.1	0.7	3.5	0.6	323	331	30
062915	1720	4.5	0.7	4.5	0.8	3.8	0.9	325	333	29.1
062915	1730	4.9	0.7	4.6	0.8	3.6	0.8	324	333	28.3
062915	1740	4.7	0.6	4.4	0.7	3.7	0.7	324	332	28.5
062915	1750	5	0.8	4.9	0.8	4.3	1	323	331	27.8
062915	1800	5.9	1.3	5.4	1.3	4.7	1.2	323	333	27.4
062915	1810	2.2	0.8	2.2	0.8	1.8	0.9	327	335	30.6
062915	1820	1.9	0.4	1.7	0.3	0.8	0.5	327	336	30.6
062915	1830	2.3	0.6	2	0.6	1.1	0.5	325	334	28.9
062915	1840	1.7	0.6	1.8	0.5	1	0.6	324	333	27.7
062915	1850	1.8	0.6	1.7	0.7	1.2	0.8	314	323	27.1
062915	1900	1.8	0.5	1.7	0.4	1	0.6	296	306	26.4
062915	1910	3.2	0.6	3.1	0.9	2.4	0.9	304	317	26.7
062915	1920	3.4	0.6	3.2	0.6	2.7	0.7	321	330	27.3
062915	1930	3.6	0.6	3.6	0.7	3.1	0.6	312	321	27.1
062915	1940	3.5	0.5	3.4	0.6	2.8	0.8	312	321	27.4
062915	1950	2.4	0.7	2.3	0.6	1.7	0.7	316	325	27
062915	2000	3	0.4	2.9	0.5	2.2	0.6	309	318	26.7
062915	2010	2.5	0.4	2.4	0.4	1.8	0.4	311	324	26.9
062915	2020	3.6	0.4	3.5	0.6	2.8	0.7	311	319	27.1
062915	2030	3.3	0.4	3.1	0.5	2.6	0.6	319	327	27.4
062915	2040	2.8	0.5	2.6	0.5	2.2	0.6	317	327	27.6
062915	2050	3.5	0.4	3.4	0.4	2.8	0.6	317	326	27.8
062915	2100	3.3	0.4	3.2	0.3	2.6	0.4	317	325	28.1
062915	2110	3.3	0.4	3	0.5	2.2	0.5	316	325	28.7
062915	2120	3	0.5	2.7	0.4	2	0.5	318	328	29.1
062915	2130	2.8	0.3	2.6	0.3	1.7	0.4	317	327	29.5
062915	2140	3.5	0.3	3	0.3	2	0.3	318	326	30.4
062915	2150	3.4	0.4	2.9	0.3	1.8	0.4	321	329	31
062915	2200	3.5	0.4	2.8	0.4	1.7	0.4	324	333	31.3
062915	2210	2.6	0.5	1.8	0.5	0.6	0.3	321	331	31.8
062915	2220	2.9	0.4	2.4	0.3	0.9	0.4	318	325	32.6
062915	2230	2.7	0.2	2.3	0.2	0.7	0.3	320	326	33.3
062915	2240	3.2	0.4	2.8	0.3	1.7	0.5	318	327	33.6
062915	2250	4.3	0.3	3.5	0.3	1.8	0.4	313	322	33.9
062915	2300	4.5	0.4	3.5	0.3	2	0.3	312	321	33.9
062915	2310	4.8	0.5	3.8	0.5	2.6	0.4	313	322	34
062915	2320	4.7	0.5	3.8	0.4	2.6	0.4	318	326	33.9
062915	2330	4.5	0.5	3.7	0.4	2.4	0.4	318	326	34
062915	2340	4	0.4	3.3	0.4	2.1	0.3	317	325	34.4
062915	2350	4.1	0.4	3.4	0.4	2	0.3	319	326	34.8
063015	0000	4.6	0.4	3.6	0.3	2.3	0.3	319	327	34.9
063015	0010	4.5	0.4	3.7	0.4	2.4	0.3	320	328	35.2
063015	0020	4.9	0.4	4	0.3	2.7	0.3	322	331	35.5
063015	0030	4.6	0.5	3.8	0.3	2.6	0.4	321	328	35.7
063015	0040	4.4	0.4	3.5	0.3	2.4	0.4	320	327	36
063015	0050	4.2	0.4	3.4	0.3	2.1	0.3	322	328	36.4
063015	0100	4.2	0.4	3.3	0.4	2	0.4	325	332	36.6
063015	0110	4.1	0.4	3.2	0.3	1.8	0.3	325	334	36.7
063015	0120	3.8	0.3	3	0.3	1.6	0.3	326	333	37
063015	0130	3.5	0.3	2.8	0.3	1.4	0.3	326	333	37.2
063015	0140	3.2	0.3	2.6	0.3	1.3	0.3	323	332	37.5
063015	0150	2.8	0.5	2.1	0.4	0.6	0.4	321	331	37.9
063015	0200	2.9	0.3	2.4	0.2	0.9	0.3	318	325	38.4
063015	0210	3	0.4	2.3	0.3	0.7	0.3	319	326	38.7
063015	0220	3.4	0.4	2.7	0.3	1.3	0.5	320	327	39.1
063015	0230	3.6	0.3	3.1	0.2	1.8	0.3	318	326	39.3
063015	0240	3.6	0.3	2.9	0.2	1.8	0.3	318	325	39.5
063015	0250	3.8	0.3	2.9	0.3	1.7	0.3	317	325	39.7
063015	0300	4	0.4	3.1	0.4	1.8	0.4	321	329	39.8
063015	0310	4.1	0.5	3.3	0.4	2.1	0.4	323	330	39.7
063015	0320	3.8	0.5	2.9	0.4	1.7	0.4	323	330	39.6
063015	0330	3.4	0.4	2.6	0.4	1.5	0.5	322	329	39.9
063015	0340	3.7	0.3	3	0.3	1.8	0.3	319	326	40.2
063015	0350	4.3	0.6	3.4	0.6	2.2	0.5	319	328	40.4
063015	0400	4.5	0.5	3.7	0.4	2.5	0.4	319	327	40.5
063015	0410	4.4	0.5	3.7	0.4	2.5	0.4	321	328	40.5
063015	0420	4.7	0.4	3.7	0.5	2.6	0.4	321	328	40.5
063015	0430	4.6	0.4	3.6	0.4	2.4	0.3	319	326	40.7
063015	0440	4.6	0.5	3.7	0.4	2.4	0.4	320	328	40.7
063015	0450	4	0.5	3.3	0.4	1.9	0.5	314	322	41
063015	0500	3.8	0.4	3.1	0.4	1.6	0.4	313	322	41.2
063015	0510	3.6	0.3	3.1	0.4	1.5	0.4	312	320	41.5
063015	0520	3.3	0.3	2.7	0.3	1.4	0.5	311	321	41.6
063015	0530	3.5	0.4	2.8	0.4	1.4	0.6	310	317	41.8
063015	0540	3.8	0.4	3.2	0.4	2.1	0.5	311	321	41.8
063015	0550	4.1	0.4	3.3	0.4	2.2	0.5	312	321	41.9
063015	0600	3.8	0.4	3.2	0.4	2.1	0.4	309	320	42
063015	0610	4	0.4	3.4	0.5	2.2	0.5	307	317	41.9
063015	0620	3.5	0.5	2.8	0.4	1.6	0.5	305	316	42
063015	0630	2.9	0.4	2.2	0.4	0.8	0.4	302	315	42.2
063015	0640	3.6	0.5	2.9	0.6	1.7	0.6	311	318	42.3
063015	0650	4.3	0.4	3.5	0.4	2.1	0.5	311	319	42.4
063015	0700	4.7	0.4	3.8	0.5	2.4	0.5	311	318	42.5
063015	0710	4.9	0.5	3.8	0.5	2.6	0.5	311	319	42.5
063015	0720	4.7	0.5	3.8	0.5	2.6	0.4	313	322	42.5
063015	0730	4.7	0.5	3.8	0.6	2.8	0.6	315	324	42.5
063015	0740	4.8	0.5	3.8	0.5	2.7	0.5	318	326	42.4
063015	0750	5	0.4	4.2	0.5	3.2	0.5	320	328	42.3
063015	0800	4.9	0.5	4	0.5	3	0.4	320	327	42.2
063015	0810	4.9	0.5	4.2	0.5	3.1	0.6	318	326	42.2
063015	0820	5	0.5	4.2	0.5	3.3	0.6	318	325	42.1
063015	0830	5	0.5	4.3	0.5	3.4	0.6	317	325	42
063015	0840	4.8	0.6	4.3	0.6	3.3	0.6	312	319	41.9
063015	0850	5.3	0.7	4.8	0.7	3.6	0.7	309	318	41.9
063015	0900	5.2	0.6	4.7	0.8	4.2	0.7	313	321	41.8
063015	0910	5	0.7	4.6	0.7	3.9	0.6	315	323	41.3
063015	0920	5.7	0.7	5	0.8	4.1	0.6	316	324	40.9
063015	0930	5.3	0.6	5	0.7	4.2	0.7	316	323	40.5
063015	0940	4.5	0.5	4.3	0.7	3.7	0.7	317	325	39.8
063015	0950	4.6	0.6	4.2	0.6	3.6	0.6	321	328	39.1
063015	1000	4.5	0.6	4.1	0.6	3.7	0.5	321	329	38.4
063015	1010	4.8	0.8	4.6	0.8	4.1	0.8	321	329	37.7
063015	1020	4.5	0.5	4.3	0.5	3.8	0.5	321	329	37
063015	1030	4.9	0.8	4.7	0.9	4	0.9	318	325	36.6
063015	1040	5.7	0.6	5.5	0.7	4.9	0.9	318	326	36.4
063015	1050	5.4	0.8	5.3	0.8	4.6	0.8	319	326	35.8
063015	1100	5.3	0.8	5	0.8	4.3	0.8	320	327	34.9
063015	1110	5	0.6	4.9	0.6	4.3	0.6	318	327	34.5
063015	1120	4.8	0.5	4.7	0.6	4.1	0.7	316	325	34
063015	1130	3.6	0.6	3.4	0.5	2.9	0.6	313	321	33.9
063015	1140	3.8	0.8	3.7	0.8	3.1	0.9	320	329	33.9
063015	1150	3.7	0.6	3.5	0.5	3.1	0.6	321	329	33.8
063015	1200	4	0.5	4	0.4	3.5	0.5	314	323	33.5
063015	1210	4.2	0.5	4	0.6	3.3	0.7	306	318	32.9
063015	1220	4.3	0.6	4.3	0.7	3.6	0.7	310	320	32.5
063015	1230	4.3	0.7	4.2	0.6	3.6	0.7	313	320	31.6
063015	1240	4	0.7	3.9	0.6	3.2	0.6	318	327	32.2
063015	1250	4.6	0.6	4.4	0.7	3.6	0.7	322	331	33.1
063015	1300	5	1.1	4.8	0.9	3.8	0.8	324	334	34.1
063015	1310	4.8	2	4.7	2.2	3.2	1.7	319	335	39.4
063015	1320	2.1	0.5	1.4	0.4	0.8	0.5	237	160	41.3
063015	1330	3	0.6	2.3	0.7	1.4	0.6	305	322	38.7
063015	1340	2.2	0.4	1.3	0.6	0.5	0.3	302	315	36
063015	1350	2.2	0.5	2.1	0.4	1.4	0.6	323	329	32.6
063015	1400	2.6	0.5	2.5	0.5	1.6	0.7	324	333	30
063015	1410	3.1	0.8	2.9	0.7	2.1	0.8	325	333	29
063015	1420	3.5	0.5	3.2	0.7	2.4	0.9	325	333	28.9
063015	1430	2.5	0.5	2.3	0.5	1.7	0.9	323	330	27.7
063015	1440	2.5	0.7	2.4	0.8	1.8	1.1	325	334	26.7
063015	1450	2.7	0.6	2.5	0.6	1.6	0.8	325	334	26.2
063015	1500	2.3	0.7	2.1	0.8	1.6	0.9	324	333	25.5
063015	1510	1.9	0.5	1.6	0.7	1	0.8	329	337	24.9
063015	1520	2	1	1.9	1	1.6	0.9	325	334	24.7
063015	1530	1.5	0.7	1.1	0.6	0.8	0.6	326	328	23.4
063015	1540	2.1	0.6	1.8	0.7	1.1	0.7	331	337	22.3
063015	1550	1.4	0.7	1.2	0.7	0.9	0.7	336	340	21.9
063015	1600	1.9	0.9	1.9	0.9	1.4	1.1	328	336	21.1
063015	1610	2.4	0.9	2.3	0.8	1.4	0.8	328	335	21.5
063015	1620	1.6	0.7	1.7	0.6	1.1	0.7	337	339	21.7
063015	1630	3.2	1	3	1.1	2	0.9	332	338	22
063015	1640	3.2	0.5	3	0.7	2.2	0.9	331	338	23
063015	1650	5.1	0.6	5	0.7	3.8	1.2	334	338	24.4
063015	1700	3.6	0.6	3.3	0.7	2.4	0.9	335	339	25.6
063015	1710	4.8	1.2	4.6	1.2	3.2	1.2	335	340	25.6
063015	1720	4.4	0.5	4.4	0.6	3.3	0.9	335	339	25.6
063015	1730	3.7	0.5	3.4	0.6	2.1	0.9	335	341	24.2
063015	1740	2.8	0.7	2.7	0.6	1.5	0.9	336	340	22.9
063015	1750	2.7	0.6	2.6	0.6	1.9	0.8	336	339	22.3
063015	1800	2.8	0.4	2.7	0.4	1.9	0.8	335	339	22.2
063015	1810	2.2	0.6	2.1	0.6	1.3	0.8	336	339	21.7
063015	1820	2.5	0.6	2.4	0.6	1.7	0.9	337	341	21.1
063015	1830	3	0.7	2.6	0.7	1.5	0.8	337	340	21.3
063015	1840	3	0.6	2.7	0.6	1.7	0.9	336	340	21.8
063015	1850	3.2	0.5	2.9	0.6	1.5	0.8	336	339	22.2
063015	1900	2.3	0.6	1.9	0.5	0.8	0.6	338	340	22.2
063015	1910	2.9	0.8	2.7	0.7	1.6	0.9	337	340	22.8
063015	1920	3.7	0.4	3.2	0.6	1.9	0.8	336	340	24.1
063015	1930	3.4	0.4	3.1	0.5	1.7	0.8	336	341	25.2
063015	1940	2.7	0.5	2.3	0.6	1	0.7	338	342	25.8
063015	1950	2.5	0.5	2	0.6	0.5	0.4	339	343	26.4
063015	2000	1.6	0.5	1.1	0.5	0.4	0.1	338	341	26.7
063015	2010	2.1	0.4	1.6	0.6	0.5	0.3	337	340	27.3
063015	2020	1.9	0.4	1.5	0.5	0.4	0.2	338	340	27.7
063015	2030	1.9	0.3	1.3	0.3	0.3	0	337	340	28.1
063015	2040	2	0.3	1.4	0.4	0.3	0.1	338	340	28.4
063015	2050	2.4	0.3	1.8	0.4	0.4	0.2	338	340	29.1
063015	2100	2.2	0.2	1.5	0.3	0.3	0.1	338	340	29.4
063015	2110	2.9	0.3	2.4	0.3	0.4	0.1	334	339	30.1
063015	2120	2.4	0.5	1.6	0.5	0.3	0	330	338	30.5
063015	2130	2	0.4	1.1	0.4	0.3	0	330	338	30.9
063015	2140	3	0.5	2.5	0.5	0.6	0.4	328	337	31.4
063015	2150	2.4	0.5	2	0.5	0.5	0.3	325	337	32.2
063015	2200	1.8	0.5	1.5	0.6	0.4	0.2	326	337	33
063015	2210	1.9	0.5	1.4	0.7	0.4	0.2	325	336	33.7
063015	2220	0.9	0.5	0.7	0.5	0.4	0.1	329	336	34.5
063015	2230	2.4	0.3	1.9	0.3	0.6	0.4	326	336	34.9
063015	2240	2	0.5	1.4	0.4	0.4	0.1	326	336	35.2
063015	2250	1.3	0.4	0.9	0.3	0.3	0	326	337	35.7
063015	2300	2	0.4	1.6	0.3	0.5	0.3	325	335	35.9
063015	2310	1.8	0.3	1.3	0.2	0.4	0.1	328	336	36.2
063015	2320	0.8	0.4	0.4	0.2	0.3	0	328	336	36.4
063015	2330	1	0.2	0.8	0.3	0.3	0	328	336	36.2
063015	2340	0.9	0.2	0.6	0.2	0.3	0	328	336	36.2
063015	2350	1.9	0.7	0.6	0.4	0.3	0	325	336	36