Date	Time	50mWS	50mSD	30mWS	30mSD	10mWS	10mSD	50mDIR	30mDIR	TEMP
122313	1540	2.2	0.4	2.1	0.4	1.9	0.4	277.0	281.1	23.4
122313	1550	2.7	0.8	2.7	0.8	2.4	0.8	237.6	248.1	23.3
122313	1600	3.1	0.4	3.0	0.4	2.5	0.6	262.5	270.7	23.3
122313	1610	3.3	0.3	3.2	0.3	2.9	0.4	242.4	251.8	23.2
122313	1620	2.7	0.5	2.6	0.5	2.4	0.5	249.0	257.0	23.2
122313	1630	3.4	0.5	3.2	0.5	2.9	0.6	254.8	262.2	23.1
122313	1640	2.9	0.4	2.7	0.3	2.4	0.4	253.9	260.8	23.1
122313	1650	2.7	0.4	2.5	0.4	2.1	0.4	247.2	259.7	23.0
122313	1700	2.6	0.2	2.3	0.3	1.5	0.5	239.6	248.7	22.9
122313	1710	2.4	0.2	2.0	0.3	1.5	0.3	243.7	249.6	22.7
122313	1720	2.0	0.2	1.7	0.2	1.2	0.3	243.4	251.1	22.5
122313	1730	2.1	0.2	1.6	0.2	0.5	0.3	243.5	251.1	22.3
122313	1740	2.2	0.2	1.8	0.2	0.3	0.0	241.9	251.1	22.1
122313	1750	2.4	0.2	2.0	0.2	0.3	0.0	235.6	247.3	21.8
122313	1800	2.5	0.2	2.1	0.2	0.4	0.2	240.5	246.0	21.1
122313	1810	2.7	0.2	2.4	0.2	0.6	0.4	235.5	244.6	20.6
122313	1820	2.7	0.2	2.3	0.2	0.4	0.2	234.0	244.2	20.2
122313	1830	2.8	0.2	2.3	0.2	0.4	0.2	235.0	244.2	19.7
122313	1840	3.0	0.3	2.3	0.2	0.3	0.1	229.4	237.1	19.6
122313	1850	3.7	0.2	2.2	0.4	0.3	0.0	224.3	222.2	19.5
122313	1900	4.1	0.2	3.2	0.2	0.3	0.0	227.3	226.4	19.1
122313	1910	4.2	0.2	3.3	0.2	0.3	0.0	230.8	232.2	18.6
122313	1920	4.3	0.2	3.2	0.2	0.3	0.0	236.6	237.6	18.2
122313	1930	4.4	0.2	3.1	0.2	0.7	0.4	237.4	237.7	17.6
122313	1940	4.4	0.2	2.8	0.2	0.6	0.3	239.3	237.8	17.7
122313	1950	3.1	0.5	1.8	0.4	0.9	0.6	241.9	238.3	17.6
122313	2000	2.5	0.3	1.5	0.2	0.6	0.3	242.6	238.4	17.3
122313	2010	2.5	0.2	2.4	0.3	0.7	0.4	243.3	238.6	17.0
122313	2020	3.1	0.3	2.8	0.2	0.4	0.1	287.1	238.8	17.1
122313	2030	4.0	0.3	3.5	0.3	0.6	0.4	283.5	260.3	17.3
122313	2040	4.1	0.2	3.4	0.2	1.5	0.2	268.3	275.0	17.7
122313	2050	3.9	0.2	3.2	0.2	1.2	0.4	268.2	274.8	17.7
122313	2100	3.7	0.2	2.7	0.2	0.8	0.4	269.3	274.8	17.3
122313	2110	3.4	0.2	2.5	0.2	0.3	0.0	270.7	275.1	16.8
122313	2120	3.6	0.2	2.5	0.2	0.3	0.0	284.4	275.8	16.5
122313	2130	3.6	0.2	2.2	0.1	0.3	0.0	295.4	286.3	16.4
122313	2140	3.8	0.2	2.1	0.2	0.3	0.0	296.0	293.1	16.3
122313	2150	3.4	0.4	2.1	0.2	0.3	0.0	294.6	293.1	16.3
122313	2200	3.3	0.2	1.7	0.3	0.3	0.0	292.6	293.1	16.1
122313	2210	3.3	0.2	1.4	0.2	0.3	0.0	286.0	292.7	15.8
122313	2220	2.9	0.3	1.4	0.2	0.3	0.0	284.6	292.2	15.8
122313	2230	2.4	0.2	1.3	0.2	0.4	0.1	284.5	292.1	15.6
122313	2240	2.2	0.1	1.3	0.2	0.3	0.0	284.6	292.1	15.4
122313	2250	2.0	0.2	1.6	0.2	0.3	0.0	284.6	292.1	15.1
122313	2300	1.7	0.2	1.8	0.2	0.4	0.1	284.6	292.0	14.8
122313	2310	1.5	0.2	1.7	0.2	0.4	0.2	284.6	292.0	14.8
122313	2320	1.4	0.1	1.7	0.2	0.3	0.0	284.6	292.0	14.8
122313	2330	1.4	0.1	1.5	0.2	0.3	0.0	284.7	292.0	14.4
122313	2340	1.5	0.1	1.5	0.2	0.3	0.0	285.2	292.0	14.3
122313	2350	1.2	0.3	1.5	0.2	0.3	0.0	285.2	292.0	14.1
122413	0000	0.8	0.4	1.7	0.2	0.3	0.0	285.1	292.0	14.1
122413	0010	1.3	0.2	1.7	0.2	0.3	0.0	285.1	292.0	14.2
122413	0020	1.7	0.2	1.9	0.2	0.3	0.0	284.8	291.9	14.1
122413	0030	2.1	0.3	1.8	0.2	0.3	0.0	273.2	291.7	14.0
122413	0040	2.5	0.2	2.1	0.2	0.3	0.0	240.4	281.3	13.7
122413	0050	2.5	0.2	2.2	0.2	0.3	0.0	240.5	253.9	13.7
122413	0100	1.7	0.4	2.2	0.2	0.3	0.0	240.7	254.0	13.7
122413	0110	1.2	0.3	2.2	0.2	0.3	0.0	240.7	254.6	13.5
122413	0120	1.3	0.4	2.2	0.2	0.3	0.0	253.1	257.4	13.3
122413	0130	1.2	0.4	2.0	0.2	0.3	0.0	262.2	265.7	13.2
122413	0140	1.6	0.3	1.8	0.2	0.3	0.0	260.1	265.7	13.3
122413	0150	1.8	0.3	1.6	0.3	0.3	0.0	253.9	265.7	13.1
122413	0200	2.2	0.2	1.6	0.2	0.3	0.0	246.4	265.7	12.9
122413	0210	2.7	0.4	2.0	0.2	0.3	0.0	242.1	264.7	13.0
122413	0220	3.3	0.2	1.7	0.2	0.3	0.0	241.4	264.2	13.0
122413	0230	3.0	0.2	2.0	0.3	0.3	0.0	241.4	264.2	12.8
122413	0240	3.0	0.2	1.4	0.7	0.3	0.0	241.4	264.2	12.7
122413	0250	2.1	0.4	0.3	0.0	0.8	0.5	242.1	264.3	12.5
122413	0300	1.1	0.4	0.4	0.3	0.5	0.4	245.3	287.1	12.5
122413	0310	0.4	0.2	0.8	0.4	0.4	0.1	279.7	290.1	12.4
122413	0320	0.3	0.0	0.4	0.2	0.3	0.0	279.7	290.1	12.2
122413	0330	0.6	0.6	0.3	0.0	0.3	0.0	257.5	290.1	12.3
122413	0340	0.5	0.3	0.3	0.0	0.3	0.0	236.7	290.1	12.3
122413	0350	1.1	0.6	0.3	0.0	0.3	0.0	236.6	290.0	12.2
122413	0400	1.9	0.3	0.6	0.5	0.3	0.0	240.2	279.0	12.3
122413	0410	2.0	0.6	0.8	0.7	0.4	0.2	258.0	259.6	12.3
122413	0420	3.2	0.4	2.3	0.4	0.7	0.5	256.0	265.0	12.7
122413	0430	3.3	0.3	2.2	0.3	0.7	0.4	249.3	258.5	13.0
122413	0440	3.4	0.3	1.9	0.4	0.4	0.3	251.3	258.6	13.4
122413	0450	3.1	0.4	1.7	0.4	0.5	0.4	258.7	259.6	13.6
122413	0500	3.2	0.5	2.2	0.5	1.5	0.4	260.2	266.7	13.7
122413	0510	3.0	0.4	2.1	0.4	1.7	0.4	264.7	270.3	13.8
122413	0520	2.7	0.5	1.9	0.4	1.7	0.4	263.7	269.7	13.9
122413	0530	3.2	0.4	2.4	0.3	1.8	0.4	262.8	272.8	13.9
122413	0540	3.2	0.3	2.4	0.4	2.1	0.4	269.2	281.7	13.8
122413	0550	3.3	0.3	2.5	0.4	2.0	0.5	277.0	287.6	13.8
122413	0600	3.3	0.4	2.6	0.5	2.2	0.5	278.0	287.9	13.7
122413	0610	3.9	0.4	3.1	0.4	2.7	0.4	274.1	285.3	13.7
122413	0620	3.9	0.4	3.2	0.4	2.9	0.4	268.4	276.9	13.7
122413	0630	3.6	0.4	3.2	0.3	2.9	0.4	265.7	272.5	13.7
122413	0640	3.9	0.5	3.4	0.5	3.1	0.5	263.1	272.4	13.7
122413	0650	4.0	0.4	3.5	0.5	3.3	0.4	262.3	269.2	13.7
122413	0700	4.3	0.5	3.8	0.5	3.5	0.5	268.7	277.0	13.7
122413	0710	4.3	0.6	3.9	0.6	3.3	0.5	259.5	269.2	13.7
122413	0720	5.1	0.5	4.7	0.5	4.1	0.5	257.6	266.7	13.7
122413	0730	4.8	0.5	4.3	0.5	3.7	0.5	254.6	262.7	13.7
122413	0740	4.7	0.4	4.2	0.5	3.7	0.6	252.7	262.0	13.8
122413	0750	4.6	0.3	4.3	0.4	3.9	0.4	243.9	254.3	13.7
122413	0800	4.0	0.6	3.7	0.6	3.4	0.6	247.5	254.2	13.8
122413	0810	4.4	0.6	4.0	0.7	3.6	0.7	250.3	260.4	13.8
122413	0820	4.7	0.4	4.2	0.5	3.7	0.6	248.2	256.7	13.7
122413	0830	4.3	0.4	3.9	0.5	3.5	0.5	258.7	267.3	13.6
122413	0840	3.6	0.6	3.2	0.6	3.0	0.6	263.9	272.4	13.5
122413	0850	3.2	0.3	2.8	0.4	2.7	0.4	258.4	268.3	13.6
122413	0900	3.9	0.8	3.5	0.8	3.2	0.6	257.3	268.5	13.6
122413	0910	4.7	0.4	4.4	0.5	3.9	0.6	244.3	253.4	13.6
122413	0920	4.5	0.5	3.9	0.5	3.4	0.7	242.9	251.6	13.5
122413	0930	5.0	0.5	4.5	0.5	3.9	0.6	244.9	253.0	13.4
122413	0940	4.8	0.5	4.4	0.7	3.6	0.8	240.9	249.4	13.5
122413	0950	3.9	0.9	3.3	0.8	2.5	0.6	242.9	249.0	13.5
122413	1000	3.6	0.5	3.0	0.5	2.5	0.6	242.5	250.2	13.6
122413	1010	3.4	0.5	2.9	0.6	2.7	0.5	249.5	258.8	13.6
122413	1020	2.9	0.4	2.4	0.5	1.9	0.5	245.5	261.7	13.7
122413	1030	3.4	0.5	2.7	0.6	2.4	0.6	244.0	252.3	13.7
122413	1040	2.7	0.4	2.2	0.5	2.3	0.6	245.2	256.3	13.8
122413	1050	2.9	0.5	2.4	0.5	2.3	0.4	249.6	256.4	14.0
122413	1100	2.2	0.5	1.9	0.4	2.0	0.4	256.7	256.6	14.0
122413	1110	2.2	0.3	1.8	0.4	1.8	0.4	260.4	256.8	14.1
122413	1120	1.7	0.6	1.0	0.7	1.4	0.5	255.4	256.6	14.2
122413	1130	1.0	0.6	0.5	0.4	1.2	0.5	252.7	256.5	14.4
122413	1140	0.5	0.4	0.3	0.1	0.9	0.5	252.8	256.5	14.5
122413	1150	1.1	0.7	0.6	0.5	1.2	0.6	249.8	256.5	14.7
122413	1200	0.9	0.6	0.4	0.3	0.9	0.6	246.8	256.3	14.9
122413	1210	1.3	0.5	0.6	0.5	1.0	0.5	244.8	256.4	15.0
122413	1220	1.0	0.8	0.6	0.5	0.9	0.7	247.7	256.5	15.1
122413	1230	1.4	0.6	0.8	0.5	1.1	0.5	246.0	256.6	15.2
122413	1240	2.4	0.5	2.0	0.6	2.2	0.6	255.5	265.1	15.4
122413	1250	1.5	0.8	0.8	0.7	0.8	0.7	279.1	299.9	15.4
122413	1300	1.6	1.0	1.2	0.9	1.0	0.9	265.4	289.3	15.5
122413	1310	2.3	0.6	1.8	0.6	1.6	0.7	282.1	295.0	15.5
122413	1320	2.2	0.6	1.6	0.6	1.5	0.7	307.7	326.8	15.6
122413	1330	1.8	0.5	1.2	0.6	1.3	0.6	309.0	316.6	15.5
122413	1340	2.1	0.4	1.8	0.6	2.0	0.5	302.5	313.7	15.5
122413	1350	1.6	0.5	1.0	0.7	1.1	0.7	304.8	314.5	15.7
122413	1400	2.1	0.3	1.3	0.6	1.2	0.6	305.5	314.7	15.7
122413	1410	1.8	0.3	0.9	0.6	0.9	0.6	327.1	328.3	15.7
122413	1420	1.7	0.4	0.6	0.5	0.8	0.6	337.9	342.3	15.6
122413	1430	1.5	0.5	0.6	0.4	0.8	0.5	326.8	344.0	15.5
122413	1440	1.5	0.5	0.6	0.4	1.0	0.5	325.6	343.7	15.4
122413	1450	1.5	0.4	0.4	0.2	0.5	0.4	328.0	344.1	15.6
122413	1500	1.1	0.5	0.3	0.0	0.5	0.3	311.6	343.8	15.6
122413	1510	1.1	0.5	0.4	0.2	0.7	0.5	310.8	343.7	15.6
122413	1520	0.5	0.3	0.3	0.0	0.3	0.1	310.5	343.7	15.8
122413	1530	0.3	0.1	0.3	0.0	0.4	0.1	310.1	343.6	15.9
122413	1540	0.4	0.3	0.3	0.0	0.3	0.1	308.6	342.3	16.0
122413	1550	0.6	0.4	0.3	0.1	0.4	0.2	296.5	332.3	16.0
122413	1600	0.7	0.5	0.3	0.0	0.4	0.2	295.8	332.2	16.0
122413	1610	0.9	0.6	0.3	0.1	0.4	0.3	296.0	332.3	16.1
122413	1620	1.9	0.4	0.8	0.6	0.9	0.5	307.8	332.3	16.1
122413	1630	2.1	0.4	1.2	0.6	1.4	0.5	308.4	332.2	16.1
122413	1640	1.9	0.3	0.8	0.6	1.2	0.6	305.3	332.3	16.1
122413	1650	2.3	0.6	1.3	0.8	1.2	0.7	296.2	326.2	16.1
122413	1700	2.5	0.5	1.3	0.7	1.4	0.7	295.2	302.4	16.1
122413	1710	2.2	0.4	1.2	0.5	1.3	0.5	288.1	302.9	16.1
122413	1720	2.6	0.7	1.7	0.7	1.6	0.6	269.8	295.8	16.1
122413	1730	4.7	0.7	4.1	0.9	3.6	1.0	256.0	263.7	16.2
122413	1740	4.6	0.6	4.1	0.6	3.5	0.5	269.1	279.5	16.2
122413	1750	3.9	0.4	3.3	0.4	2.8	0.4	261.9	272.1	16.2
122413	1800	4.2	0.6	3.4	0.7	2.8	0.6	263.0	270.6	16.2
122413	1810	3.9	0.5	3.2	0.5	2.8	0.4	261.1	267.6	16.1
122413	1820	4.8	0.9	4.0	0.9	3.4	0.7	260.6	268.4	16.1
122413	1830	5.1	0.8	4.5	1.0	3.7	0.9	257.3	265.7	16.0
122413	1840	4.3	0.5	3.5	0.6	3.0	0.5	254.4	262.2	16.1
122413	1850	3.7	0.4	2.9	0.5	2.3	0.5	264.1	270.7	15.9
122413	1900	4.1	0.3	3.4	0.4	2.9	0.4	264.7	275.3	15.9
122413	1910	4.2	0.5	3.3	0.6	2.8	0.5	265.0	277.8	15.8
122413	1920	3.9	0.3	3.0	0.5	2.5	0.4	253.3	264.0	15.8
122413	1930	4.3	0.6	3.4	0.7	2.6	0.8	246.4	256.8	15.8
122413	1940	3.6	0.8	2.9	0.9	2.7	0.8	251.2	258.7	15.9
122413	1950	3.3	0.6	2.2	0.8	1.9	0.4	265.1	265.1	15.7
122413	2000	4.1	0.6	3.2	0.5	2.5	0.6	276.7	285.3	15.7
122413	2010	4.5	0.5	3.4	0.6	2.5	0.7	283.7	295.7	15.7
122413	2020	4.2	0.4	3.5	0.6	3.0	0.6	280.8	287.5	15.7
122413	2030	3.8	0.5	2.7	0.5	1.9	0.6	288.8	298.4	15.7
122413	2040	3.8	0.4	2.8	0.5	2.0	0.5	283.3	291.8	15.6
122413	2050	4.7	0.8	3.8	0.8	2.8	0.9	290.8	298.9	15.6
122413	2100	5.0	0.5	4.3	0.7	3.1	0.9	296.3	305.6	15.6
122413	2110	4.6	0.5	3.7	0.5	2.9	0.7	287.3	294.9	15.5
122413	2120	4.9	0.5	4.0	0.5	3.2	0.5	279.9	288.8	15.4
122413	2130	4.2	0.3	3.2	0.4	2.4	0.5	274.4	284.1	15.3
122413	2140	4.1	0.4	3.3	0.4	2.5	0.3	264.7	274.6	15.3
122413	2150	3.9	0.4	3.1	0.5	2.5	0.6	254.1	267.1	15.2
122413	2200	4.1	0.5	3.4	0.6	2.4	0.6	249.0	254.6	15.2
122413	2210	4.7	0.5	3.8	0.6	2.8	0.6	238.6	245.2	15.2
122413	2220	4.3	0.4	3.6	0.4	2.6	0.5	242.8	247.8	15.1
122413	2230	3.8	0.6	3.0	0.6	2.3	0.5	247.3	254.8	15.2
122413	2240	4.0	0.3	3.2	0.4	2.6	0.5	243.2	252.5	15.2
122413	2250	3.4	0.4	2.7	0.4	2.1	0.4	243.2	249.4	15.2
122413	2300	3.9	0.5	3.1	0.6	2.3	0.5	251.0	256.7	15.1
122413	2310	4.0	0.3	3.3	0.3	2.4	0.4	255.4	263.1	15.1
122413	2320	3.9	0.3	3.2	0.3	2.2	0.4	256.0	263.3	15.1
122413	2330	2.9	0.9	1.8	1.2	1.4	1.1	270.0	266.6	15.1
122413	2340	1.6	0.6	0.5	0.4	0.3	0.1	286.2	267.7	15.0
122413	2350	2.2	0.2	1.3	0.4	0.5	0.3	268.5	267.8	14.9
122513	0000	2.4	0.2	1.4	0.2	0.4	0.2	266.6	267.4	14.9
122513	0010	2.3	0.2	1.3	0.2	0.3	0.0	266.2	267.3	14.9
122513	0020	2.2	0.1	1.0	0.4	0.3	0.0	266.1	267.3	14.8
122513	0030	2.5	0.3	1.5	0.4	0.3	0.0	266.0	267.2	14.8
122513	0040	2.9	0.3	2.1	0.4	0.4	0.3	265.7	267.1	14.8
122513	0050	3.2	0.2	1.9	0.2	0.4	0.2	265.7	267.1	14.8
122513	0100	3.5	0.2	1.7	0.2	0.3	0.0	265.7	267.1	14.7
122513	0110	3.6	0.2	1.9	0.2	0.4	0.1	265.7	267.1	14.6
122513	0120	4.1	0.2	2.5	0.3	1.2	0.4	265.8	267.1	14.6
122513	0130	3.9	0.2	2.2	0.3	1.3	0.4	265.7	267.1	14.6
122513	0140	3.6	0.2	1.9	0.2	0.6	0.4	265.9	267.1	14.6
122513	0150	3.5	0.3	1.9	0.3	0.7	0.4	265.4	267.1	14.6
122513	0200	3.1	0.2	1.6	0.2	0.5	0.3	265.1	267.1	14.6
122513	0210	3.4	0.2	1.8	0.3	0.7	0.4	269.0	267.4	14.6
122513	0220	3.0	0.3	1.5	0.4	0.4	0.2	271.5	267.8	14.6
122513	0230	3.3	0.3	1.8	0.4	0.7	0.4	266.1	267.8	14.5
122513	0240	2.4	0.3	0.4	0.2	0.3	0.0	265.3	267.6	14.5
122513	0250	2.4	0.3	0.7	0.5	0.3	0.0	264.9	267.4	14.5
122513	0300	2.5	0.3	0.6	0.5	0.3	0.0	264.5	267.3	14.5
122513	0310	2.3	0.3	0.7	0.5	0.3	0.0	264.4	267.3	14.5
122513	0320	2.8	0.2	1.1	0.5	0.3	0.0	264.1	267.1	14.5
122513	0330	2.8	0.2	0.8	0.5	0.3	0.0	264.0	267.1	14.5
122513	0340	3.0	0.4	0.8	0.5	0.3	0.0	257.1	267.1	14.5
122513	0350	2.9	0.3	0.8	0.5	0.3	0.0	244.3	267.1	14.5
122513	0400	2.4	0.3	0.3	0.1	0.3	0.0	233.1	267.1	14.4
122513	0410	2.6	0.2	0.5	0.3	0.3	0.0	227.4	267.1	14.4
122513	0420	2.8	0.2	0.9	0.5	0.4	0.1	223.9	267.1	14.4
122513	0430	2.8	0.2	0.6	0.4	0.4	0.2	221.1	267.1	14.4
122513	0440	2.8	0.3	0.8	0.5	0.3	0.0	220.5	267.1	14.4
122513	0450	2.9	0.3	1.3	0.5	0.4	0.2	221.2	267.1	14.4
122513	0500	3.1	0.3	1.4	0.5	0.4	0.3	219.9	267.1	14.4
122513	0510	3.1	0.3	1.5	0.7	0.4	0.3	212.8	267.0	14.3
122513	0520	3.0	0.4	1.3	0.6	0.5	0.4	210.0	267.0	14.3
122513	0530	3.3	0.2	1.7	0.5	0.7	0.6	208.2	267.0	14.2
122513	0540	3.5	0.3	1.8	0.5	0.7	0.5	206.9	267.0	14.1
122513	0550	3.7	0.3	2.1	0.5	0.9	0.6	207.0	266.9	14.0
122513	0600	3.7	0.3	2.1	0.5	0.9	0.7	209.6	266.9	13.9
122513	0610	3.4	0.3	1.7	0.5	0.4	0.2	213.1	266.9	13.8
122513	0620	3.3	0.4	1.2	0.7	0.4	0.1	214.3	266.9	13.7
122513	0630	3.7	0.4	1.9	0.5	0.4	0.2	216.7	266.9	13.7
122513	0640	3.5	0.5	1.9	0.7	0.6	0.5	221.9	266.9	13.8
122513	0650	3.5	0.5	1.7	0.5	0.6	0.4	221.9	266.9	13.8
122513	0700	3.1	0.4	1.3	0.7	0.4	0.2	219.2	266.9	13.7
122513	0710	3.2	0.4	1.2	0.5	0.4	0.2	214.0	266.9	13.6
122513	0720	3.6	0.3	1.9	0.5	0.4	0.2	214.0	266.9	13.5
122513	0730	3.5	0.3	2.0	0.5	0.4	0.2	213.4	266.9	13.5
122513	0740	3.6	0.5	2.1	0.7	0.6	0.5	220.1	266.9	13.6
122513	0750	3.9	0.5	2.5	0.7	0.7	0.5	221.3	266.8	13.6
122513	0800	3.9	0.5	2.6	0.6	1.4	0.8	226.2	235.3	13.6
122513	0810	3.4	0.4	2.0	0.7	1.5	0.7	232.0	238.6	13.6
122513	0820	3.4	0.4	2.1	0.6	1.7	0.7	233.8	242.2	13.7
122513	0830	3.1	0.4	1.9	0.6	1.2	0.6	235.9	240.6	13.7
122513	0840	2.9	0.4	1.4	0.6	1.0	0.7	233.2	238.1	13.8
122513	0850	3.1	0.3	1.8	0.6	0.8	0.6	231.1	235.9	13.8
122513	0900	3.1	0.3	1.8	0.6	1.2	0.8	237.3	237.2	13.9
122513	0910	2.7	0.4	1.6	0.7	1.5	0.8	234.5	242.8	14.0
122513	0920	2.8	0.4	1.8	0.7	0.6	0.5	222.4	235.0	14.1
122513	0930	2.5	0.4	1.5	0.6	0.8	0.6	216.6	224.8	14.2
122513	0940	2.3	0.4	1.2	0.6	0.7	0.6	214.6	221.9	14.3
122513	0950	2.1	0.4	1.1	0.6	0.7	0.5	217.1	223.3	14.4
122513	1000	2.2	0.5	1.3	0.6	1.0	0.6	225.8	239.7	14.6
122513	1010	1.2	0.7	0.4	0.3	0.5	0.4	233.8	240.6	14.7
122513	1020	1.3	0.5	0.5	0.4	0.6	0.5	262.3	240.9	14.8
122513	1030	2.0	0.7	1.2	0.7	1.5	0.7	263.8	241.2	14.8
122513	1040	1.5	0.5	0.6	0.5	1.1	0.6	254.7	241.0	14.9
122513	1050	1.9	0.5	1.0	0.6	1.4	0.6	248.5	241.1	15.0
122513	1100	1.6	1.0	1.0	1.0	1.3	0.9	239.9	239.9	15.2
122513	1110	2.7	0.5	2.1	0.6	2.4	0.7	233.3	241.3	15.2
122513	1120	2.6	0.4	1.8	0.7	1.9	0.8	237.3	241.3	15.3
122513	1130	2.3	0.5	1.4	0.7	1.5	0.7	225.6	234.2	15.6
122513	1140	2.5	0.7	1.8	0.9	2.1	0.9	239.7	251.4	15.7
122513	1150	3.0	0.4	2.5	0.6	2.7	0.5	269.5	274.8	15.6
122513	1200	3.4	0.4	2.9	0.6	3.2	0.6	266.0	274.4	15.5
122513	1210	3.3	0.6	2.7	0.8	2.8	0.6	265.1	270.4	15.6
122513	1220	2.6	0.5	1.8	0.6	2.0	0.5	262.9	266.7	16.1
122513	1230	2.9	0.4	2.3	0.5	2.2	0.7	273.8	281.7	16.3
122513	1240	2.4	0.4	1.6	0.7	1.9	0.7	273.0	284.0	16.3
122513	1250	1.9	0.6	0.9	0.8	1.3	0.7	278.8	301.7	16.2
122513	1300	2.3	0.4	1.6	0.6	2.2	0.5	266.6	275.2	16.1
122513	1310	2.2	0.4	1.3	0.7	1.6	0.6	275.3	284.4	16.2
122513	1320	2.8	0.4	2.3	0.6	2.7	0.5	248.6	264.5	16.3
122513	1330	3.2	0.3	2.7	0.5	3.0	0.4	251.6	259.9	16.3
122513	1340	3.0	0.5	2.5	0.7	2.9	0.5	247.4	256.8	16.4
122513	1350	3.1	0.6	2.3	0.9	2.6	0.6	238.8	247.0	16.5
122513	1400	2.7	0.5	2.0	0.7	1.9	0.8	238.1	245.8	16.6
122513	1410	3.1	0.4	2.4	0.6	2.5	0.5	250.6	263.2	16.7
122513	1420	3.6	0.4	3.2	0.5	3.4	0.5	252.9	262.7	16.5
122513	1430	3.9	0.4	3.5	0.5	3.4	0.5	258.4	267.6	16.5
122513	1440	4.2	0.4	4.1	0.4	3.8	0.5	246.1	256.3	16.5
122513	1450	3.9	0.4	3.8	0.4	3.5	0.5	249.4	260.3	16.4
122513	1500	3.8	0.5	3.6	0.6	3.4	0.6	244.1	253.2	16.3
122513	1510	3.5	0.4	3.4	0.4	2.9	0.7	234.4	245.1	16.5
122513	1520	3.6	0.3	3.4	0.4	3.1	0.4	240.8	252.0	16.5
122513	1530	3.6	0.5	3.5	0.4	2.9	0.6	242.8	249.8	16.5
122513	1540	3.6	0.5	3.3	0.5	2.4	0.7	228.7	238.9	16.5
122513	1550	3.8	0.4	3.3	0.6	2.2	0.8	225.8	235.9	16.6
122513	1600	4.2	0.5	3.6	0.6	2.8	0.8	228.2	238.8	16.5
122513	1610	4.5	0.6	4.2	0.7	2.8	0.9	223.8	233.2	16.4
122513	1620	4.4	0.5	4.2	0.5	2.8	0.7	225.0	235.8	16.2
122513	1630	4.0	0.6	3.5	0.6	2.6	0.7	227.0	237.5	16.2
122513	1640	3.9	0.4	3.3	0.6	2.1	0.7	225.2	234.1	16.2
122513	1650	4.1	0.5	3.5	0.8	1.9	0.6	221.5	230.3	16.1
122513	1700	3.9	0.4	3.5	0.7	3.0	0.7	232.3	239.0	15.9
122513	1710	4.0	0.4	3.4	0.6	2.4	0.6	230.9	237.8	15.7
122513	1720	4.0	0.3	3.4	0.4	2.4	0.5	231.4	240.6	15.6
122513	1730	3.9	0.3	3.3	0.3	2.5	0.4	236.1	245.5	15.4
122513	1740	3.8	0.3	3.1	0.4	2.1	0.5	230.8	243.0	15.3
122513	1750	3.8	0.3	3.0	0.4	1.7	0.5	230.4	240.4	15.1
122513	1800	3.6	0.3	2.8	0.3	0.8	0.6	225.3	235.6	14.9
122513	1810	4.0	0.2	3.1	0.3	1.0	0.6	228.3	235.9	14.7
122513	1820	4.0	0.3	2.9	0.3	0.6	0.5	225.7	234.1	14.5
122513	1830	3.9	0.2	2.9	0.2	1.5	0.4	231.6	234.6	14.3
122513	1840	4.1	0.2	3.0	0.2	1.4	0.4	229.9	235.7	14.1
122513	1850	4.2	0.2	3.0	0.2	1.3	0.5	231.2	236.7	13.9
122513	1900	4.4	0.2	3.0	0.2	0.8	0.5	231.7	236.5	13.8
122513	1910	3.9	0.2	2.6	0.3	0.4	0.3	231.9	236.6	13.6
122513	1920	4.3	0.3	2.9	0.3	0.4	0.2	228.8	236.3	13.5
122513	1930	4.5	0.2	2.9	0.2	0.4	0.2	229.6	236.2	13.4
122513	1940	4.4	0.2	2.8	0.2	0.7	0.4	231.8	236.4	13.3
122513	1950	4.4	0.2	2.7	0.2	0.5	0.3	237.5	236.7	13.1
122513	2000	4.4	0.2	2.8	0.2	1.0	0.4	243.0	236.8	12.9
122513	2010	4.3	0.2	2.8	0.3	1.0	0.5	244.6	236.9	12.9
122513	2020	4.8	0.3	3.3	0.3	1.8	0.3	246.6	244.0	13.1
122513	2030	4.8	0.3	3.1	0.3	1.6	0.4	248.9	253.3	13.0
122513	2040	4.8	0.4	3.2	0.3	1.3	0.4	256.3	260.5	12.7
122513	2050	5.0	0.3	3.3	0.3	1.7	0.3	255.5	261.0	12.7
122513	2100	4.6	0.5	2.9	0.4	0.8	0.6	249.3	253.1	12.8
122513	2110	3.6	0.3	2.0	0.5	0.3	0.0	250.8	251.2	12.8
122513	2120	2.7	0.2	0.5	0.3	0.3	0.0	255.8	251.5	12.6
122513	2130	3.0	0.2	1.0	0.3	0.3	0.0	273.0	251.6	12.5
122513	2140	3.2	0.2	1.8	0.4	0.5	0.4	272.6	252.3	12.2
122513	2150	3.2	0.2	1.7	0.2	0.3	0.1	273.1	253.0	12.1
122513	2200	3.2	0.2	1.5	0.3	0.3	0.0	272.0	253.0	12.0
122513	2210	2.7	0.2	0.6	0.4	0.3	0.0	272.0	253.0	11.8
122513	2220	2.5	0.2	0.3	0.0	0.3	0.0	271.9	253.0	11.7
122513	2230	2.6	0.3	0.3	0.0	0.3	0.0	272.4	253.0	11.5
122513	2240	2.6	0.3	0.3	0.0	0.3	0.0	273.1	253.0	11.4
122513	2250	2.7	0.2	0.6	0.4	0.3	0.0	273.1	253.0	11.4
122513	2300	2.8	0.2	1.3	0.3	0.3	0.0	269.2	253.0	11.6
122513	2310	2.2	0.3	0.6	0.4	0.3	0.0	262.7	252.4	11.4
122513	2320	1.7	0.2	0.3	0.0	0.3	0.0	261.2	251.5	11.2
122513	2330	1.8	0.2	0.3	0.0	0.3	0.0	258.1	251.5	11.1
122513	2340	1.8	0.3	0.3	0.0	0.3	0.0	254.9	251.5	11.0
122513	2350	2.0	0.3	0.4	0.2	0.3	0.0	255.1	251.5	10.9
122613	0000	2.4	0.2	1.1	0.3	0.3	0.0	258.3	251.5	10.7
122613	0010	2.1	0.2	0.4	0.2	0.3	0.0	260.0	251.5	10.5
122613	0020	1.8	0.2	0.3	0.0	0.3	0.0	259.9	251.5	10.3
122613	0030	1.9	0.2	0.3	0.0	0.3	0.0	259.9	251.5	10.6
122613	0040	2.2	0.2	0.3	0.0	0.3	0.0	259.5	251.5	10.4
122613	0050	2.0	0.2	0.3	0.0	0.3	0.0	259.5	251.5	10.1
122613	0100	2.0	0.2	1.4	0.4	0.3	0.0	259.5	251.5	10.1
122613	0110	2.1	0.2	1.8	0.2	0.3	0.0	259.5	251.5	10.3
122613	0120	2.3	0.2	2.0	0.3	0.3	0.0	259.1	251.3	9.7
122613	0130	2.6	0.2	2.6	0.2	0.4	0.3	258.7	251.2	10.0
122613	0140	2.7	0.2	3.0	0.2	0.4	0.3	258.0	251.2	10.4
122613	0150	2.7	0.2	2.3	0.5	0.3	0.0	258.3	251.5	9.7
122613	0200	2.8	0.2	2.5	0.2	0.3	0.0	259.8	251.8	9.2
122613	0210	3.2	0.2	1.8	0.3	0.3	0.0	262.0	251.8	9.0
122613	0220	3.4	0.2	2.1	0.5	0.3	0.1	267.1	251.8	9.1
122613	0230	3.3	0.3	2.0	0.6	0.6	0.4	267.2	253.1	9.2
122613	0240	3.5	0.3	1.6	0.4	0.7	0.5	264.7	253.8	9.3
122613	0250	3.2	0.4	1.2	0.6	0.8	0.5	258.3	253.9	9.5
122613	0300	2.6	0.4	0.9	0.6	1.5	0.4	252.7	253.8	9.7
122613	0310	2.8	0.4	1.2	0.5	1.4	0.4	254.1	253.9	9.5
122613	0320	2.4	0.4	0.4	0.3	0.7	0.5	256.2	253.8	9.4
122613	0330	2.5	0.3	0.5	0.4	0.7	0.4	251.1	253.7	9.4
122613	0340	1.0	0.8	0.3	0.1	0.4	0.2	241.3	253.7	9.4
122613	0350	0.4	0.2	0.3	0.0	0.3	0.1	238.4	253.8	9.3
122613	0400	0.6	0.5	0.3	0.1	0.3	0.0	238.2	253.5	9.3
122613	0410	0.5	0.4	0.3	0.0	0.3	0.0	237.9	251.5	9.3
122613	0420	1.2	0.7	0.3	0.1	0.4	0.1	218.2	251.3	9.3
122613	0430	2.0	0.8	0.5	0.4	0.4	0.1	216.9	251.3	9.2
122613	0440	1.0	0.7	0.3	0.0	0.3	0.0	209.3	251.3	9.1
122613	0450	1.8	0.9	0.3	0.0	0.3	0.0	215.3	251.3	9.2
122613	0500	2.9	0.6	0.4	0.3	0.3	0.0	222.7	251.3	9.1
122613	0510	3.6	0.2	0.4	0.3	0.3	0.0	229.9	251.3	9.1
122613	0520	1.4	1.2	0.3	0.0	0.3	0.0	226.4	251.4	9.1
122613	0530	0.7	0.6	0.3	0.0	0.3	0.0	226.4	251.5	9.1
122613	0540	0.3	0.0	0.3	0.0	0.3	0.0	226.5	251.6	8.8
122613	0550	0.3	0.0	0.3	0.0	0.3	0.0	226.5	251.6	8.8
122613	0600	0.3	0.0	0.3	0.0	0.3	0.0	226.5	251.6	8.8
122613	0610	0.3	0.0	0.3	0.0	0.3	0.0	226.6	251.6	8.8
122613	0620	0.3	0.0	0.3	0.0	0.3	0.0	226.6	251.6	8.9
122613	0630	0.3	0.0	0.3	0.0	0.3	0.0	226.6	251.6	9.0
122613	0640	0.3	0.0	0.3	0.0	0.3	0.0	226.6	251.6	9.0
122613	0650	0.3	0.0	0.3	0.0	0.3	0.0	226.7	251.7	9.0
122613	0700	0.3	0.0	0.3	0.0	0.3	0.0	226.9	251.9	9.1
122613	0710	0.3	0.1	0.3	0.0	0.3	0.0	259.2	251.9	9.1
122613	0720	0.8	0.6	0.5	0.4	0.5	0.4	278.0	259.6	9.2
122613	0730	1.2	0.6	0.5	0.3	0.7	0.4	265.4	272.0	9.2
122613	0740	0.8	0.5	0.3	0.0	0.6	0.4	263.5	271.9	9.2
122613	0750	1.4	0.4	0.9	0.5	1.2	0.6	286.7	272.2	9.1
122613	0800	1.9	0.3	1.3	0.6	1.1	0.6	299.0	272.4	9.2
122613	0810	1.7	0.6	1.4	0.6	1.5	0.6	310.0	272.5	9.3
122613	0820	1.5	0.5	1.0	0.5	0.9	0.6	325.5	272.5	9.3
122613	0830	1.5	0.5	0.9	0.6	0.9	0.6	309.5	272.5	9.4
122613	0840	1.2	0.5	0.6	0.4	0.8	0.5	302.3	272.4	9.5
122613	0850	1.5	0.4	1.1	0.5	1.1	0.6	298.1	272.5	9.6
122613	0900	2.1	0.3	1.7	0.4	1.7	0.4	281.9	272.4	9.6
122613	0910	1.6	0.6	1.3	0.6	1.6	0.5	274.7	271.7	9.7
122613	0920	1.0	0.7	0.8	0.6	0.8	0.5	276.7	271.9	9.9
122613	0930	1.2	0.5	0.7	0.5	0.9	0.5	262.4	271.9	10.0
122613	0940	0.7	0.5	0.6	0.4	0.9	0.6	260.4	271.8	10.1
122613	0950	1.6	0.7	1.2	0.7	1.2	0.7	248.2	267.2	10.2
122613	1000	1.9	0.3	1.5	0.3	1.6	0.3	258.9	267.8	10.4
122613	1010	1.5	0.4	1.4	0.5	1.5	0.4	254.8	268.7	10.6
122613	1020	1.9	0.4	1.7	0.5	1.8	0.4	253.3	266.5	10.7
122613	1030	1.7	0.5	1.6	0.5	1.6	0.6	245.7	260.5	10.9
122613	1040	0.9	0.6	0.9	0.6	0.8	0.6	251.0	261.9	11.0
122613	1050	1.8	0.6	1.6	0.6	1.5	0.7	250.5	263.9	11.3
122613	1100	2.1	0.5	1.9	0.5	1.8	0.5	249.1	261.5	11.4
122613	1110	1.7	0.5	1.4	0.7	1.3	0.8	238.3	254.2	11.4
122613	1120	1.7	0.7	1.5	0.7	1.6	0.7	248.8	259.0	11.5
122613	1130	2.7	0.4	2.5	0.5	2.3	0.5	260.9	267.9	11.6
122613	1140	2.7	0.4	2.6	0.4	2.5	0.6	261.2	270.4	11.6
122613	1150	2.1	0.4	2.2	0.4	1.8	0.8	271.4	275.6	11.7
122613	1200	2.0	0.5	1.9	0.5	1.8	0.5	263.3	273.2	11.7
122613	1210	1.9	0.6	1.9	0.7	1.7	0.7	274.6	281.0	11.8
122613	1220	1.5	0.7	1.2	0.7	1.3	0.8	255.3	276.1	11.7
122613	1230	1.2	0.7	0.8	0.6	0.6	0.5	254.0	278.3	11.9
122613	1240	0.5	0.5	0.4	0.4	0.5	0.4	265.5	282.3	12.1
122613	1250	0.5	0.4	0.5	0.4	0.4	0.3	242.6	270.4	12.2
122613	1300	1.1	0.6	0.8	0.6	1.0	0.7	258.3	266.5	12.2
122613	1310	0.4	0.3	0.3	0.1	0.3	0.0	235.1	266.3	12.3
122613	1320	0.8	0.6	0.6	0.5	0.7	0.6	217.9	238.6	12.5
122613	1330	1.6	0.8	1.3	0.7	1.3	0.7	237.9	239.6	12.5
122613	1340	1.1	0.7	0.9	0.7	1.2	0.8	214.4	232.7	12.7
122613	1350	1.1	0.7	0.8	0.7	0.8	0.7	222.1	234.2	12.9
122613	1400	2.2	0.5	1.6	0.7	1.2	0.9	216.6	227.2	13.0
122613	1410	2.0	0.7	1.6	0.7	1.6	0.9	219.7	230.2	13.3
122613	1420	2.0	0.6	1.2	0.7	1.0	0.7	209.5	214.4	13.7
122613	1430	1.0	0.7	0.7	0.5	0.6	0.4	208.0	228.2	14.2
122613	1440	0.8	0.7	0.5	0.4	0.7	0.5	209.7	235.9	14.8
122613	1450	1.3	0.6	0.9	0.7	1.0	0.7	236.3	258.0	15.1
122613	1500	1.6	0.7	1.1	0.8	1.3	0.8	230.4	240.5	15.6
122613	1510	2.1	0.6	1.4	0.6	1.3	0.8	225.3	234.8	15.8
122613	1520	1.5	0.7	0.9	0.7	1.2	0.8	210.0	225.4	16.3
122613	1530	1.4	0.7	0.8	0.6	0.7	0.5	214.1	229.8	16.7
122613	1540	1.8	0.5	0.8	0.6	0.7	0.5	215.3	223.3	17.0
122613	1550	2.0	0.6	1.0	0.7	0.7	0.6	208.2	228.0	17.1
122613	1600	2.1	0.6	1.2	0.8	1.0	0.8	196.9	191.8	17.2
122613	1610	2.0	0.7	0.9	0.7	0.5	0.3	208.8	213.7	17.3
122613	1620	2.3	0.4	1.4	0.7	1.1	0.6	194.1	200.9	17.3
122613	1630	2.4	0.6	1.5	0.7	1.0	0.8	197.4	203.7	17.2
122613	1640	2.7	0.4	2.0	0.6	0.9	0.6	210.7	217.0	17.1
122613	1650	2.7	0.5	2.0	0.6	0.9	0.6	205.7	208.1	16.9
122613	1700	2.8	0.5	1.8	0.8	0.9	0.6	214.4	218.0	17.0
122613	1710	3.0	0.4	2.2	0.6	1.5	0.7	204.6	214.5	16.8
122613	1720	2.8	0.5	1.6	0.9	0.8	0.6	211.2	212.0	16.6
122613	1730	3.1	0.5	2.0	0.7	0.7	0.6	210.4	222.6	16.4
122613	1740	3.0	0.4	1.9	0.5	0.5	0.4	214.4	220.5	16.1
122613	1750	3.1	0.3	1.8	0.5	0.4	0.3	218.4	220.8	15.9
122613	1800	3.3	0.2	2.1	0.3	0.3	0.1	222.0	221.0	15.7
122613	1810	3.5	0.2	2.1	0.3	0.3	0.0	220.3	220.9	15.4
122613	1820	3.6	0.2	2.2	0.3	0.3	0.1	218.9	220.8	15.2
122613	1830	3.8	0.3	2.3	0.4	0.4	0.2	222.1	221.1	15.0
122613	1840	4.1	0.2	2.5	0.3	0.4	0.1	223.8	227.2	14.7
122613	1850	4.0	0.2	2.3	0.3	0.3	0.0	224.1	229.5	14.6
122613	1900	4.0	0.2	2.2	0.3	0.3	0.0	224.3	229.3	14.4
122613	1910	4.1	0.2	2.3	0.2	0.3	0.0	225.1	229.3	14.2
122613	1920	3.5	0.5	1.8	0.6	0.4	0.1	221.6	229.2	14.1
122613	1930	3.2	0.2	1.1	0.5	0.3	0.0	216.1	228.8	13.9
122613	1940	3.3	0.2	1.2	0.4	0.3	0.0	216.6	228.7	13.7
122613	1950	3.6	0.3	1.5	0.4	0.3	0.0	224.0	229.7	13.4
122613	2000	3.3	0.2	1.5	0.4	0.3	0.0	232.5	230.9	13.3
122613	2010	3.5	0.3	2.1	0.3	0.4	0.2	231.0	230.6	13.3
122613	2020	3.8	0.2	2.5	0.3	1.0	0.5	239.1	234.2	13.2
122613	2030	3.2	0.3	1.8	0.4	0.7	0.4	241.4	237.1	12.9
122613	2040	2.8	0.2	1.3	0.3	0.4	0.1	246.1	237.1	12.7
122613	2050	2.8	0.3	1.0	0.5	0.3	0.0	259.6	237.1	12.4
122613	2100	2.3	0.3	0.4	0.2	0.3	0.0	256.7	237.1	12.3
122613	2110	2.2	0.2	0.3	0.0	0.3	0.0	254.7	236.9	12.3
122613	2120	2.0	0.5	0.4	0.3	0.3	0.0	255.4	236.9	12.1
122613	2130	1.9	0.5	0.3	0.0	0.3	0.0	259.2	237.0	11.9
122613	2140	2.2	0.2	0.3	0.0	0.3	0.0	263.2	237.0	11.9
122613	2150	2.2	0.3	0.3	0.0	0.3	0.0	263.2	237.0	11.8
122613	2200	2.4	0.2	0.3	0.0	0.3	0.0	263.2	237.0	11.7
122613	2210	2.1	0.3	0.3	0.0	0.3	0.0	263.2	237.0	11.6
122613	2220	2.2	0.4	0.3	0.0	0.3	0.0	263.5	237.0	11.2
122613	2230	2.7	0.3	1.0	0.6	0.3	0.0	266.4	237.1	10.7
122613	2240	2.9	0.2	1.4	0.3	0.3	0.0	291.7	237.2	10.3
122613	2250	2.8	0.2	1.5	0.3	0.3	0.0	283.9	237.2	10.4
122613	2300	3.1	0.3	1.7	0.2	0.3	0.0	283.9	237.2	10.5
122613	2310	3.4	0.3	1.7	0.4	1.0	0.6	279.8	237.4	10.8
122613	2320	2.5	0.5	1.2	0.5	0.4	0.2	276.0	237.4	11.0
122613	2330	1.7	0.4	0.8	0.6	0.8	0.5	273.0	237.4	11.2
122613	2340	1.4	0.6	0.9	0.7	1.0	0.7	273.7	237.4	11.3
122613	2350	1.3	0.6	0.8	0.5	0.9	0.6	267.7	238.2	11.2
122713	0000	1.0	0.5	0.5	0.4	0.6	0.4	274.1	238.1	11.3
122713	0010	1.1	0.5	0.7	0.4	0.8	0.6	269.3	238.1	11.3
122713	0020	1.3	0.5	0.7	0.5	1.0	0.6	259.2	238.1	11.3
122713	0030	1.0	0.6	0.7	0.5	0.6	0.4	262.9	238.1	11.3
122713	0040	0.4	0.3	0.3	0.2	0.5	0.3	268.2	238.1	11.3
122713	0050	0.4	0.2	0.3	0.0	0.3	0.0	254.6	238.0	11.3
122713	0100	0.5	0.3	0.4	0.2	0.7	0.5	241.5	237.4	11.2
122713	0110	0.8	0.7	0.6	0.5	0.8	0.6	244.7	237.1	11.0
122713	0120	0.7	0.5	0.5	0.4	1.0	0.5	256.0	237.3	11.0
122713	0130	1.1	0.6	0.6	0.5	0.7	0.5	257.2	237.2	11.1
122713	0140	1.4	0.4	0.8	0.5	1.2	0.5	253.9	237.5	11.0
122713	0150	0.7	0.5	0.5	0.4	0.6	0.5	260.1	237.6	11.0
122713	0200	0.8	0.5	0.5	0.4	0.8	0.5	257.0	237.5	11.0
122713	0210	0.8	0.6	0.6	0.4	0.7	0.6	256.5	237.8	11.0
122713	0220	0.8	0.5	0.6	0.4	0.9	0.6	262.4	237.8	11.0
122713	0230	0.5	0.4	0.4	0.2	0.4	0.2	255.7	237.3	11.0
122713	0240	1.0	0.6	0.5	0.4	0.3	0.1	238.2	237.0	11.1
122713	0250	1.1	0.7	0.6	0.5	0.6	0.5	241.3	237.4	11.2
122713	0300	1.9	0.4	1.5	0.6	1.5	0.7	248.2	238.7	11.1
122713	0310	0.6	0.5	0.5	0.4	0.5	0.4	241.5	239.9	11.0
122713	0320	0.5	0.4	0.4	0.3	0.6	0.5	235.7	240.0	11.1
122713	0330	0.3	0.0	0.3	0.0	0.3	0.0	235.6	239.9	11.1
122713	0340	0.3	0.0	0.3	0.0	0.3	0.0	235.6	239.9	11.2
122713	0350	0.3	0.1	0.3	0.1	0.3	0.1	244.0	239.9	11.2
122713	0400	0.3	0.0	0.3	0.0	0.3	0.0	247.7	239.9	11.1
122713	0410	0.4	0.2	0.4	0.2	0.5	0.3	236.3	239.9	11.2
122713	0420	0.3	0.1	0.3	0.1	0.3	0.0	263.6	240.0	11.1
122713	0430	0.3	0.1	0.3	0.1	0.4	0.1	262.8	239.9	11.2
122713	0440	0.4	0.2	0.4	0.2	0.4	0.2	260.5	239.9	11.2
122713	0450	0.5	0.4	0.3	0.1	0.4	0.1	247.7	239.8	11.2
122713	0500	0.7	0.5	0.5	0.3	0.4	0.2	223.9	236.2	11.2
122713	0510	0.5	0.4	0.3	0.1	0.3	0.0	224.6	235.7	11.2
122713	0520	0.7	0.5	0.5	0.4	0.5	0.4	254.3	238.5	11.2
122713	0530	0.8	0.7	0.5	0.5	0.4	0.2	233.0	238.9	11.3
122713	0540	1.0	0.7	0.8	0.6	0.6	0.5	238.8	237.1	11.2
122713	0550	0.9	0.7	0.6	0.5	0.4	0.3	218.5	230.9	11.1
122713	0600	0.5	0.3	0.4	0.3	0.3	0.1	216.7	223.8	11.1
122713	0610	0.6	0.4	0.4	0.3	0.5	0.4	219.0	229.8	11.0
122713	0620	0.4	0.2	0.3	0.1	0.3	0.0	214.5	226.0	11.1
122713	0630	0.7	0.5	0.6	0.5	0.4	0.2	204.5	226.3	11.1
122713	0640	0.6	0.5	0.5	0.4	0.4	0.2	205.5	226.3	11.0
122713	0650	1.2	0.9	0.8	0.8	0.4	0.2	201.7	223.8	11.0
122713	0700	1.5	0.5	1.1	0.6	0.4	0.2	215.6	221.7	10.9
122713	0710	2.1	0.6	1.5	0.9	1.4	0.9	232.6	234.0	10.9
122713	0720	1.1	0.7	0.7	0.5	0.7	0.5	220.2	230.4	10.9
122713	0730	1.7	0.5	1.3	0.6	0.5	0.4	219.2	220.9	10.8
122713	0740	0.4	0.3	0.3	0.1	0.3	0.0	214.2	220.2	10.7
122713	0750	0.8	0.6	0.5	0.4	0.3	0.0	200.0	219.5	10.8
122713	0800	1.1	0.5	1.2	0.5	0.4	0.3	219.8	221.6	10.7
122713	0810	0.7	0.5	0.6	0.4	0.4	0.2	224.2	221.6	10.7
122713	0820	0.3	0.0	0.3	0.0	0.3	0.0	221.5	221.6	10.7
122713	0830	0.3	0.0	0.3	0.0	0.3	0.0	221.5	221.6	10.7
122713	0840	0.3	0.0	0.3	0.0	0.3	0.0	221.6	221.6	10.7
122713	0850	0.3	0.0	0.3	0.0	0.3	0.0	221.6	221.6	10.7
122713	0900	0.3	0.0	0.3	0.0	0.3	0.0	247.3	221.6	10.8
122713	0910	0.3	0.0	0.3	0.0	0.3	0.0	247.6	221.6	10.8
122713	0920	0.3	0.0	0.3	0.0	0.3	0.0	247.6	221.6	10.9
122713	0930	0.3	0.0	0.3	0.0	0.3	0.0	247.6	221.6	10.9
122713	0940	0.3	0.0	0.3	0.0	0.3	0.0	247.6	221.5	10.9
122713	0950	0.3	0.0	0.3	0.0	0.3	0.0	247.6	221.5	11.0
122713	1000	0.4	0.2	0.3	0.2	0.4	0.3	272.7	221.7	10.9
122713	1010	0.3	0.0	0.3	0.0	0.3	0.1	314.6	243.1	10.9
122713	1020	0.3	0.0	0.3	0.0	0.3	0.0	314.7	245.6	10.9
122713	1030	0.3	0.0	0.3	0.0	0.3	0.0	341.8	245.6	11.0
122713	1040	0.3	0.0	0.3	0.0	0.3	0.0	14.5	245.6	10.9
122713	1050	0.3	0.1	0.3	0.1	0.3	0.0	14.5	245.6	11.0
122713	1100	0.4	0.3	0.3	0.1	0.3	0.0	38.6	232.8	11.1
122713	1110	0.3	0.1	0.3	0.0	0.3	0.0	43.5	222.4	11.2
122713	1120	0.3	0.0	0.3	0.0	0.3	0.0	30.3	222.5	11.4
122713	1130	0.3	0.0	0.3	0.0	0.3	0.0	30.3	222.4	11.4
122713	1140	0.3	0.0	0.3	0.0	0.3	0.0	32.9	222.4	11.5
122713	1150	0.3	0.0	0.3	0.0	0.3	0.0	10.7	224.0	11.5
122713	1200	0.3	0.0	0.3	0.0	0.3	0.0	348.9	224.7	11.6
122713	1210	0.3	0.0	0.3	0.0	0.3	0.0	327.6	239.2	11.6
122713	1220	0.3	0.0	0.3	0.0	0.3	0.0	303.1	244.1	11.7
122713	1230	0.3	0.0	0.3	0.0	0.3	0.0	301.6	247.2	11.7
122713	1240	0.3	0.0	0.3	0.0	0.3	0.0	300.9	249.5	11.7
122713	1250	0.3	0.0	0.3	0.0	0.3	0.0	299.4	254.7	11.8
122713	1300	0.3	0.0	0.3	0.0	0.3	0.0	255.3	244.7	11.9
122713	1310	0.3	0.2	0.3	0.1	0.3	0.0	165.8	226.8	11.8
122713	1320	0.3	0.1	0.3	0.0	0.3	0.0	182.7	226.6	11.9
122713	1330	0.3	0.0	0.3	0.1	0.4	0.2	194.8	226.8	11.9
122713	1340	0.4	0.2	0.4	0.2	0.5	0.4	245.8	246.3	12.0
122713	1350	0.4	0.3	0.3	0.1	0.4	0.2	245.7	259.9	12.1
122713	1400	0.3	0.0	0.3	0.0	0.3	0.0	239.9	261.8	12.2
122713	1410	0.3	0.0	0.3	0.0	0.3	0.0	240.4	262.0	12.1
122713	1420	0.3	0.0	0.3	0.0	0.3	0.0	173.5	261.6	12.2
122713	1430	0.3	0.2	0.3	0.0	0.4	0.2	173.3	262.0	12.3
122713	1440	0.3	0.0	0.3	0.0	0.3	0.0	216.1	261.0	12.3
122713	1450	0.3	0.0	0.3	0.0	0.3	0.0	198.3	261.0	12.4
122713	1500	0.4	0.2	0.3	0.1	0.4	0.3	199.6	259.8	12.4
122713	1510	0.4	0.3	0.3	0.1	0.4	0.3	220.8	257.5	12.4
122713	1520	1.5	0.7	1.3	0.6	1.6	0.5	245.4	252.6	12.4
122713	1530	1.2	0.6	0.9	0.6	1.1	0.7	244.7	249.6	12.4
122713	1540	0.5	0.4	0.4	0.2	0.6	0.4	261.8	249.9	12.5
122713	1550	0.4	0.2	0.3	0.2	0.4	0.3	228.4	240.2	12.5
122713	1600	0.3	0.1	0.3	0.0	0.3	0.0	233.5	234.5	12.7
122713	1610	0.8	0.7	0.6	0.5	0.4	0.3	229.1	233.8	12.8
122713	1620	1.1	0.7	0.7	0.5	0.8	0.6	233.5	236.2	12.7
122713	1630	0.6	0.5	0.4	0.3	0.4	0.2	204.1	219.7	12.7
122713	1640	0.4	0.3	0.3	0.1	0.3	0.0	194.9	199.3	12.7
122713	1650	0.7	0.6	0.6	0.5	0.9	0.8	234.3	223.4	12.7
122713	1700	0.6	0.4	0.5	0.4	0.9	0.6	242.5	246.6	12.7
122713	1710	0.6	0.6	0.6	0.5	0.6	0.5	239.9	245.6	12.7
122713	1720	0.6	0.5	0.5	0.4	0.4	0.2	238.3	240.0	12.8
122713	1730	0.8	0.7	0.8	0.6	0.7	0.6	230.2	237.6	12.8
122713	1740	1.2	0.7	0.9	0.7	0.9	0.7	252.0	249.6	12.9
122713	1750	0.6	0.5	0.5	0.4	0.5	0.4	276.6	269.3	13.0
122713	1800	1.3	0.7	0.9	0.6	0.5	0.3	329.2	270.4	13.0
122713	1810	0.8	0.6	0.5	0.4	0.5	0.4	304.3	270.0	12.9
122713	1820	0.4	0.3	0.4	0.2	0.5	0.4	282.2	269.4	12.9
122713	1830	0.3	0.0	0.3	0.0	0.3	0.0	324.4	269.6	13.0
122713	1840	0.3	0.0	0.3	0.0	0.3	0.0	357.5	269.6	13.0
122713	1850	0.5	0.3	0.3	0.2	0.4	0.2	319.1	269.6	13.0
122713	1900	0.4	0.3	0.3	0.0	0.4	0.1	300.3	269.8	13.0
122713	1910	0.5	0.4	0.3	0.2	0.3	0.1	312.2	269.8	12.9
122713	1920	0.9	0.5	0.4	0.3	0.3	0.1	345.7	270.0	12.9
122713	1930	0.3	0.0	0.3	0.0	0.3	0.0	350.7	270.0	12.8
122713	1940	0.3	0.0	0.3	0.0	0.3	0.0	354.0	269.9	12.7
122713	1950	0.4	0.3	0.3	0.0	0.3	0.0	353.9	269.9	12.7
122713	2000	0.4	0.2	0.3	0.0	0.3	0.0	353.7	270.0	12.7
122713	2010	0.3	0.1	0.3	0.2	0.3	0.0	353.6	270.0	12.7
122713	2020	0.4	0.3	0.4	0.2	0.4	0.1	352.7	270.0	12.6
122713	2030	0.3	0.1	0.3	0.2	0.4	0.3	347.5	270.0	12.6
122713	2040	0.3	0.0	0.3	0.0	0.3	0.0	347.3	269.9	12.6
122713	2050	0.3	0.0	0.3	0.0	0.3	0.0	347.3	269.9	12.5
122713	2100	0.3	0.0	0.3	0.0	0.3	0.0	347.3	269.9	12.4
122713	2110	0.3	0.0	0.3	0.0	0.3	0.0	347.1	269.8	12.3
122713	2120	0.3	0.0	0.3	0.0	0.3	0.0	347.0	269.8	12.2
122713	2130	0.3	0.0	0.3	0.1	0.3	0.0	347.1	269.8	12.2
122713	2140	1.6	0.5	1.0	0.6	0.5	0.4	351.7	270.2	12.2
122713	2150	2.1	0.4	1.7	0.6	0.8	0.6	6.2	343.1	12.2
122713	2200	2.5	0.4	2.3	0.5	1.7	0.8	5.3	14.5	12.2
122713	2210	2.7	0.4	2.4	0.6	1.3	0.8	10.0	22.4	12.2
122713	2220	1.6	0.5	1.3	0.7	0.6	0.4	15.2	25.6	12.2
122713	2230	1.5	0.5	1.0	0.6	0.6	0.4	9.0	25.3	12.2
122713	2240	0.7	0.7	0.5	0.4	0.5	0.4	1.0	2.5	12.2
122713	2250	1.4	0.8	1.1	0.7	0.6	0.5	352.3	354.2	12.2
122713	2300	1.7	0.5	0.8	0.5	0.4	0.2	351.4	357.6	12.3
122713	2310	1.1	0.7	0.5	0.4	0.4	0.2	350.0	356.1	12.4
122713	2320	0.4	0.3	0.3	0.1	0.3	0.0	339.1	351.9	12.4
122713	2330	0.4	0.3	0.3	0.1	0.3	0.1	332.7	351.9	12.4
122713	2340	0.7	0.6	0.5	0.4	0.4	0.3	2.8	4.2	12.3
122713	2350	0.5	0.4	0.4	0.2	0.4	0.2	7.9	9.0	12.3
122813	0000	0.3	0.0	0.3	0.0	0.3	0.0	359.2	6.1	12.3
122813	0010	0.4	0.2	0.5	0.4	0.5	0.4	16.2	8.3	12.3
122813	0020	0.3	0.0	0.3	0.0	0.3	0.0	48.5	10.3	12.3
122813	0030	0.3	0.0	0.3	0.0	0.3	0.0	48.6	10.3	12.3
122813	0040	0.3	0.1	0.3	0.1	0.3	0.0	49.2	19.8	12.3
122813	0050	0.3	0.0	0.3	0.0	0.3	0.0	49.6	40.7	12.3
122813	0100	0.3	0.0	0.3	0.0	0.3	0.0	49.6	40.7	12.2
122813	0110	0.3	0.0	0.3	0.0	0.3	0.0	49.6	40.7	12.2
122813	0120	0.3	0.1	0.3	0.1	0.3	0.1	49.6	40.8	12.1
122813	0130	0.3	0.0	0.3	0.0	0.3	0.1	49.6	40.7	12.1
122813	0140	0.3	0.1	0.3	0.0	0.3	0.0	49.6	40.7	12.0
122813	0150	0.3	0.0	0.3	0.0	0.3	0.0	49.6	40.7	11.9
122813	0200	0.4	0.2	0.3	0.1	0.3	0.0	62.8	49.9	11.9
122813	0210	0.4	0.2	0.4	0.2	0.3	0.0	165.8	132.9	12.0
122813	0220	0.3	0.0	0.3	0.0	0.3	0.0	166.1	175.7	11.9
122813	0230	0.3	0.0	0.3	0.0	0.3	0.0	166.0	175.7	11.9
122813	0240	0.3	0.0	0.3	0.0	0.3	0.0	166.0	175.7	11.9
122813	0250	0.3	0.1	0.3	0.1	0.3	0.0	159.3	175.5	11.8
122813	0300	0.3	0.1	0.4	0.2	0.5	0.3	209.5	176.4	11.7
122813	0310	0.3	0.1	0.3	0.2	0.3	0.0	247.4	176.5	11.7
122813	0320	0.3	0.0	0.3	0.0	0.3	0.0	273.5	176.4	11.6
122813	0330	0.3	0.1	0.4	0.2	0.3	0.0	266.6	176.4	11.6
122813	0340	0.3	0.0	0.3	0.0	0.3	0.0	238.3	176.4	11.5
122813	0350	0.5	0.4	0.4	0.3	0.3	0.0	211.4	176.3	11.5
122813	0400	1.1	0.6	1.2	0.6	0.6	0.4	222.6	176.6	11.6
122813	0410	1.7	0.7	1.7	0.7	1.3	0.6	225.7	224.3	11.5
122813	0420	0.5	0.4	0.5	0.4	0.5	0.4	227.9	234.2	11.4
122813	0430	1.1	0.5	1.0	0.5	0.5	0.3	233.4	228.8	11.5
122813	0440	0.4	0.2	0.4	0.3	0.4	0.2	250.9	254.5	11.4
122813	0450	0.6	0.5	0.6	0.6	0.5	0.4	263.6	254.6	11.4
122813	0500	1.0	0.9	1.0	0.9	0.8	0.7	288.7	274.1	11.4
122813	0510	1.2	1.2	1.2	1.3	1.0	1.0	310.3	310.0	11.5
122813	0520	1.4	1.1	1.2	1.0	0.9	0.8	323.3	325.5	11.5
122813	0530	0.3	0.0	0.3	0.2	0.4	0.2	307.1	322.7	11.5
122813	0540	0.5	0.4	0.4	0.2	0.3	0.1	309.3	323.1	11.6
122813	0550	0.6	0.5	0.4	0.3	0.4	0.3	345.3	323.6	11.6
122813	0600	1.0	0.6	0.6	0.5	0.4	0.3	338.8	324.1	11.6
122813	0610	0.5	0.5	0.4	0.3	0.4	0.2	350.6	324.3	11.6
122813	0620	0.4	0.3	0.3	0.1	0.3	0.1	352.8	324.5	11.6
122813	0630	0.7	0.5	0.4	0.2	0.4	0.2	350.9	324.5	11.7
122813	0640	0.3	0.0	0.3	0.0	0.3	0.0	351.6	324.4	11.8
122813	0650	0.3	0.0	0.3	0.0	0.3	0.0	352.3	324.5	11.8
122813	0700	1.5	0.4	1.4	0.4	1.2	0.5	61.9	53.7	11.8
122813	0710	1.2	0.7	1.2	0.7	0.9	0.6	69.6	80.5	11.8
122813	0720	0.3	0.0	0.3	0.1	0.3	0.0	54.3	73.1	11.8
122813	0730	0.4	0.3	0.4	0.2	0.4	0.2	54.2	73.1	11.7
122813	0740	0.4	0.3	0.3	0.1	0.3	0.0	56.3	74.1	11.7
122813	0750	0.3	0.1	0.3	0.0	0.3	0.0	72.1	95.7	11.7
122813	0800	0.3	0.0	0.3	0.0	0.3	0.0	72.0	95.6	11.7
122813	0810	0.9	0.7	0.7	0.6	0.7	0.6	71.6	94.9	11.8
122813	0820	2.2	0.3	2.2	0.3	1.8	0.4	69.0	86.7	11.7
122813	0830	1.3	0.6	0.9	0.6	0.8	0.6	45.6	58.9	11.7
122813	0840	1.5	0.6	0.9	0.7	0.8	0.7	72.5	72.2	11.7
122813	0850	1.2	0.5	0.8	0.6	0.8	0.5	82.0	84.3	11.7
122813	0900	0.8	0.6	0.7	0.5	0.5	0.4	96.2	99.2	11.7
122813	0910	0.5	0.3	0.3	0.2	0.4	0.2	138.5	129.8	11.8
122813	0920	0.9	0.5	0.5	0.4	0.5	0.3	145.3	155.1	11.7
122813	0930	1.1	0.6	0.8	0.6	0.6	0.5	168.1	174.7	11.7
122813	0940	0.3	0.1	0.3	0.0	0.3	0.0	166.1	180.2	11.7
122813	0950	1.4	0.7	1.1	0.6	0.6	0.5	177.7	183.2	11.8
122813	1000	0.3	0.0	0.3	0.0	0.3	0.0	170.9	181.8	11.7
122813	1010	0.6	0.4	0.3	0.1	0.3	0.0	162.7	181.6	11.8
122813	1020	0.4	0.2	0.3	0.1	0.3	0.0	154.7	181.5	11.8
122813	1030	0.7	0.5	0.6	0.5	0.6	0.5	218.6	182.7	11.8
122813	1040	0.3	0.0	0.3	0.0	0.3	0.0	218.6	182.6	11.8
122813	1050	0.3	0.1	0.3	0.0	0.3	0.0	120.9	181.8	11.8
122813	1100	0.3	0.0	0.3	0.0	0.3	0.0	101.3	181.8	11.9
122813	1110	0.4	0.3	0.3	0.1	0.3	0.0	69.5	181.7	12.0
122813	1120	0.4	0.2	0.3	0.0	0.4	0.3	11.4	181.6	12.0
122813	1130	0.3	0.0	0.3	0.0	0.3	0.0	12.5	181.8	12.0
122813	1140	0.3	0.0	0.3	0.0	0.3	0.0	12.2	182.1	12.2
122813	1150	0.4	0.2	0.3	0.0	0.3	0.0	311.3	182.4	12.2
122813	1200	0.3	0.1	0.3	0.0	0.3	0.0	279.2	182.5	12.2
122813	1210	0.3	0.0	0.3	0.0	0.3	0.0	261.3	182.1	12.3
122813	1220	0.3	0.0	0.3	0.0	0.3	0.1	180.2	181.7	12.3
122813	1230	0.3	0.0	0.3	0.0	0.3	0.0	152.3	181.6	12.3
122813	1240	0.4	0.3	0.3	0.0	0.3	0.1	85.8	181.6	12.4
122813	1250	0.4	0.3	0.3	0.0	0.4	0.3	56.8	181.5	12.5
122813	1300	0.3	0.0	0.3	0.0	0.3	0.0	53.7	181.6	12.8
122813	1310	0.8	0.7	0.6	0.5	0.4	0.2	131.6	181.4	12.7
122813	1320	1.2	0.5	0.8	0.6	0.5	0.3	166.8	180.0	12.7
122813	1330	1.6	0.3	0.8	0.5	0.7	0.5	129.7	160.4	12.7
122813	1340	2.9	0.9	2.4	1.1	1.6	1.0	171.1	178.6	12.8
122813	1350	2.6	0.6	2.2	0.7	1.2	0.8	211.2	219.9	12.9
122813	1400	1.1	0.7	0.7	0.6	0.4	0.3	200.0	205.5	13.1
122813	1410	0.8	0.6	0.4	0.3	0.4	0.2	193.2	191.3	13.4
122813	1420	0.4	0.2	0.3	0.1	0.3	0.0	194.4	191.5	13.8
122813	1430	0.6	0.5	0.5	0.4	0.5	0.4	279.3	249.4	14.0
122813	1440	0.3	0.1	0.3	0.0	0.4	0.1	312.5	251.4	14.4
122813	1450	0.5	0.4	0.4	0.2	0.4	0.3	258.5	250.6	14.3
122813	1500	0.5	0.4	0.6	0.4	0.6	0.5	261.8	250.5	14.2
122813	1510	1.2	0.6	1.0	0.6	0.9	0.6	286.1	251.1	14.1
122813	1520	1.0	0.5	0.9	0.5	0.9	0.6	311.2	251.2	14.1
122813	1530	1.4	0.7	1.1	0.6	0.8	0.5	329.8	251.3	14.2
122813	1540	1.3	0.6	0.9	0.6	0.9	0.6	328.4	322.6	14.3
122813	1550	1.1	0.6	1.3	0.5	1.1	0.7	309.7	320.0	14.2
122813	1600	0.4	0.3	0.4	0.3	0.4	0.2	293.4	305.4	14.3
122813	1610	0.3	0.2	0.3	0.1	0.4	0.2	281.7	305.8	14.4
122813	1620	0.3	0.0	0.3	0.1	0.4	0.1	280.2	305.2	14.7
122813	1630	0.4	0.2	0.3	0.2	0.4	0.2	290.0	305.2	14.7
122813	1640	0.7	0.5	0.5	0.3	0.5	0.4	316.1	327.8	14.8
122813	1650	1.3	0.6	0.8	0.6	0.8	0.6	335.3	340.1	14.8
122813	1700	0.8	0.6	0.8	0.6	0.8	0.7	334.7	335.5	14.8
122813	1710	1.4	0.7	0.7	0.5	0.5	0.4	347.7	345.8	14.8
122813	1720	0.7	0.6	0.4	0.2	0.3	0.1	347.2	346.3	14.7
122813	1730	0.4	0.2	0.3	0.2	0.3	0.0	329.0	335.3	14.6
122813	1740	0.3	0.0	0.3	0.1	0.4	0.1	323.2	332.3	14.6
122813	1750	0.3	0.1	0.3	0.0	0.4	0.1	304.1	325.0	14.5
122813	1800	0.3	0.1	0.4	0.3	0.3	0.1	286.3	314.1	14.4
122813	1810	0.4	0.3	0.5	0.4	0.5	0.4	248.4	296.3	14.2
122813	1820	0.3	0.0	0.3	0.0	0.3	0.0	244.1	296.3	14.1
122813	1830	0.3	0.1	0.4	0.2	0.4	0.2	207.9	290.7	14.1
122813	1840	0.3	0.0	0.3	0.0	0.3	0.0	192.1	249.3	14.0
122813	1850	0.3	0.0	0.3	0.0	0.3	0.0	192.1	249.3	13.9
122813	1900	1.1	0.6	0.5	0.3	0.3	0.0	190.9	248.9	13.7
122813	1910	0.3	0.0	0.3	0.0	0.3	0.0	190.5	248.7	13.5
122813	1920	0.3	0.0	0.3	0.0	0.3	0.0	190.9	248.8	13.5
122813	1930	0.3	0.0	0.3	0.0	0.3	0.0	191.1	248.8	13.3
122813	1940	0.3	0.0	0.3	0.0	0.3	0.0	191.1	248.9	13.0
122813	1950	0.3	0.0	0.3	0.0	0.3	0.0	191.1	249.1	13.0
122813	2000	0.3	0.0	0.3	0.0	0.3	0.0	191.1	249.1	12.8
122813	2010	0.3	0.0	0.3	0.0	0.3	0.0	191.1	249.1	12.7
122813	2020	0.3	0.0	0.3	0.0	0.3	0.0	191.1	249.1	12.7
122813	2030	0.3	0.0	0.3	0.0	0.3	0.0	191.1	249.2	12.4
122813	2040	0.3	0.0	0.3	0.0	0.3	0.0	191.1	249.7	12.2
122813	2050	0.3	0.0	0.3	0.0	0.3	0.0	191.1	249.7	12.0
122813	2100	0.3	0.0	0.3	0.0	0.3	0.0	191.1	249.7	12.0
122813	2110	0.3	0.0	0.3	0.0	0.3	0.0	191.1	249.7	11.9
122813	2120	0.3	0.0	0.3	0.0	0.3	0.0	191.1	250.0	11.6
122813	2130	0.3	0.0	0.3	0.0	0.3	0.0	191.1	250.3	11.6
122813	2140	0.3	0.0	0.3	0.0	0.3	0.0	191.1	250.3	11.7
122813	2150	0.3	0.0	0.3	0.0	0.3	0.0	191.1	250.2	11.2
122813	2200	0.3	0.0	0.3	0.0	0.3	0.0	191.1	250.0	10.9
122813	2210	0.3	0.0	0.3	0.0	0.3	0.0	191.1	250.0	10.6
122813	2220	0.3	0.0	0.3	0.0	0.3	0.0	191.1	250.0	10.5
122813	2230	0.3	0.0	0.5	0.4	0.3	0.0	191.1	336.3	10.8
122813	2240	0.3	0.0	0.4	0.2	0.3	0.0	191.1	349.5	11.1
122813	2250	0.3	0.0	0.3	0.0	0.3	0.0	191.1	349.5	11.2
122813	2300	0.3	0.0	0.3	0.0	0.3	0.0	191.1	349.5	11.2
122813	2310	0.3	0.0	0.3	0.0	0.3	0.0	191.1	349.4	11.1
122813	2320	0.3	0.0	0.3	0.0	0.3	0.0	191.1	349.4	11.1
122813	2330	0.3	0.0	0.3	0.0	0.3	0.0	191.1	349.4	11.0
122813	2340	0.3	0.0	0.3	0.0	0.3	0.0	191.1	349.4	10.9
122813	2350	0.5	0.3	0.3	0.0	0.3	0.0	190.9	349.4	10.8
122913	0000	0.3	0.0	0.3	0.0	0.3	0.0	190.5	349.4	10.7
122913	0010	0.3	0.0	0.3	0.0	0.3	0.0	190.5	349.4	10.8
122913	0020	0.3	0.0	0.3	0.0	0.3	0.0	190.5	349.4	10.8
122913	0030	0.3	0.0	0.3	0.0	0.3	0.0	190.5	349.4	10.9
122913	0040	0.3	0.0	0.3	0.0	0.3	0.0	190.7	349.4	11.0
122913	0050	0.4	0.2	0.8	0.5	0.6	0.5	191.1	349.4	11.1
122913	0100	0.3	0.0	0.3	0.0	0.3	0.0	191.1	349.4	11.1
122913	0110	0.3	0.0	0.3	0.0	0.3	0.0	191.1	349.4	11.2
122913	0120	0.3	0.0	0.3	0.0	0.3	0.0	191.1	349.4	11.2
122913	0130	0.3	0.0	0.3	0.0	0.3	0.0	191.1	349.4	11.3
122913	0140	0.3	0.0	0.3	0.0	0.3	0.0	191.0	349.4	11.3
122913	0150	0.3	0.0	0.3	0.1	0.3	0.0	191.0	349.4	11.4
122913	0200	0.3	0.0	0.3	0.0	0.3	0.0	190.6	349.6	11.5
122913	0210	0.3	0.1	0.3	0.1	0.3	0.0	190.5	349.9	11.5
122913	0220	0.3	0.0	0.3	0.0	0.3	0.0	190.4	350.2	11.4
122913	0230	0.3	0.0	0.3	0.0	0.3	0.0	190.4	350.1	11.4
122913	0240	0.3	0.0	0.3	0.0	0.3	0.0	190.4	350.1	11.3
122913	0250	0.3	0.0	0.3	0.0	0.3	0.0	190.4	350.2	11.3
122913	0300	0.3	0.0	0.3	0.1	0.3	0.0	190.4	350.2	11.3
122913	0310	0.3	0.0	0.3	0.0	0.3	0.0	190.4	350.2	11.4
122913	0320	0.3	0.0	0.3	0.0	0.3	0.0	190.4	350.0	11.3
122913	0330	0.3	0.0	0.3	0.0	0.3	0.0	190.4	349.4	11.3
122913	0340	0.3	0.0	0.3	0.0	0.3	0.0	190.4	19.1	11.3
122913	0350	0.4	0.2	0.4	0.2	0.3	0.1	190.4	87.0	11.2
122913	0400	0.3	0.0	0.3	0.0	0.3	0.0	190.4	106.0	11.3
122913	0410	0.3	0.1	0.3	0.0	0.3	0.1	190.3	105.3	11.3
122913	0420	0.4	0.3	0.4	0.3	0.4	0.2	190.2	105.1	11.3
122913	0430	0.4	0.2	0.4	0.2	0.3	0.0	190.2	105.3	11.4
122913	0440	0.3	0.1	0.3	0.0	0.3	0.0	190.1	105.9	11.3
122913	0450	0.3	0.0	0.3	0.0	0.3	0.0	190.1	105.9	11.3
122913	0500	0.3	0.0	0.3	0.0	0.3	0.1	190.2	105.7	11.3
122913	0510	0.3	0.0	0.3	0.0	0.3	0.0	190.1	105.8	11.2
122913	0520	0.3	0.0	0.3	0.0	0.3	0.0	190.2	106.0	11.2
122913	0530	0.3	0.0	0.3	0.1	0.3	0.0	190.2	106.1	11.2
122913	0540	0.3	0.0	0.3	0.0	0.3	0.0	190.2	106.2	11.2
122913	0550	0.3	0.0	0.3	0.0	0.3	0.0	190.2	106.2	11.2
122913	0600	0.4	0.2	0.3	0.1	0.3	0.1	190.2	106.1	11.2
122913	0610	0.4	0.2	0.3	0.0	0.3	0.0	190.1	106.0	11.2
122913	0620	0.3	0.0	0.3	0.0	0.3	0.0	190.2	106.0	11.3
122913	0630	0.3	0.0	0.3	0.0	0.3	0.0	190.2	105.9	11.3
122913	0640	0.3	0.0	0.3	0.0	0.3	0.1	190.2	104.5	11.3
122913	0650	0.4	0.2	0.3	0.0	0.3	0.0	190.1	104.4	11.3
122913	0700	0.5	0.4	0.4	0.3	0.4	0.2	190.1	59.3	11.3
122913	0710	0.3	0.0	0.3	0.0	0.3	0.1	190.1	57.3	11.2
122913	0720	0.4	0.3	0.3	0.2	0.4	0.2	189.9	51.3	11.2
122913	0730	0.3	0.0	0.3	0.0	0.3	0.0	189.9	45.9	11.2
122913	0740	0.3	0.0	0.3	0.0	0.3	0.0	189.8	46.2	11.4
122913	0750	0.3	0.0	0.3	0.0	0.3	0.0	189.9	47.3	11.4
122913	0800	0.3	0.0	0.3	0.0	0.3	0.0	189.9	47.3	11.4
122913	0810	0.3	0.0	0.3	0.0	0.3	0.0	189.9	48.1	11.5
122913	0820	0.3	0.0	0.3	0.0	0.3	0.0	189.9	48.3	11.6
122913	0830	0.3	0.1	0.3	0.0	0.3	0.0	189.8	48.5	11.6
122913	0840	1.2	0.6	1.2	0.6	0.6	0.5	144.8	101.6	11.6
122913	0850	0.8	0.6	0.9	0.7	0.7	0.5	148.7	171.1	11.6
122913	0900	0.5	0.4	0.4	0.2	0.3	0.0	132.2	179.8	11.7
122913	0910	0.9	0.6	0.7	0.6	0.5	0.3	143.0	180.2	11.7
122913	0920	0.9	0.6	0.7	0.5	0.4	0.2	123.4	169.4	11.8
122913	0930	1.9	0.4	1.2	0.6	0.4	0.3	111.9	138.1	11.9
122913	0940	2.2	0.4	1.7	0.6	1.0	0.7	106.3	119.9	11.9
122913	0950	2.2	0.6	1.8	0.8	1.5	0.7	96.2	104.9	11.9
122913	1000	1.9	0.5	1.8	0.5	1.0	0.6	95.7	113.8	12.0
122913	1010	2.1	0.6	1.8	0.8	1.0	0.6	99.0	116.9	12.1
122913	1020	2.3	0.5	1.9	0.6	1.4	0.6	97.5	111.6	12.1
122913	1030	2.3	0.6	1.8	0.7	1.0	0.6	105.1	118.3	12.2
122913	1040	2.6	0.4	1.8	0.7	0.9	0.7	108.0	122.7	12.3
122913	1050	1.3	0.6	0.8	0.6	0.7	0.6	100.7	122.1	12.3
122913	1100	1.4	0.5	0.9	0.6	0.6	0.5	105.5	124.0	12.4
122913	1110	0.6	0.5	0.5	0.4	0.4	0.4	89.5	110.2	12.3
122913	1120	0.8	0.6	0.6	0.5	0.7	0.5	79.9	77.7	12.4
122913	1130	0.6	0.5	0.4	0.2	0.4	0.3	91.9	79.9	12.5
122913	1140	1.7	0.5	1.3	0.5	0.8	0.6	140.4	140.7	12.6
122913	1150	1.3	0.5	1.0	0.6	0.7	0.5	124.8	145.0	12.5
122913	1200	0.6	0.5	0.5	0.4	0.4	0.3	116.2	147.7	12.5
122913	1210	1.5	0.5	1.1	0.6	0.9	0.6	156.2	175.6	12.7
122913	1220	1.0	0.7	0.8	0.6	0.7	0.6	140.2	163.8	12.6
122913	1230	0.5	0.4	0.5	0.4	0.6	0.4	135.6	155.9	12.6
122913	1240	0.3	0.0	0.3	0.0	0.3	0.1	129.1	156.0	12.6
122913	1250	0.4	0.2	0.3	0.1	0.3	0.0	157.5	163.8	12.8
122913	1300	0.3	0.0	0.3	0.0	0.3	0.0	184.3	199.1	12.9
122913	1310	0.3	0.0	0.3	0.0	0.3	0.0	185.1	203.5	13.1
122913	1320	0.5	0.4	0.3	0.2	0.4	0.2	184.0	203.2	13.1
122913	1330	0.3	0.0	0.3	0.0	0.4	0.2	186.5	202.5	13.2
122913	1340	0.3	0.0	0.3	0.0	0.3	0.0	186.5	202.6	13.2
122913	1350	0.3	0.0	0.3	0.0	0.4	0.2	187.3	202.9	13.5
122913	1400	0.6	0.4	0.5	0.4	0.6	0.5	209.9	203.1	13.5
122913	1410	1.0	0.6	0.7	0.5	1.3	0.7	269.7	203.4	13.6
122913	1420	0.3	0.0	0.3	0.0	0.3	0.0	252.3	203.0	14.0
122913	1430	0.3	0.0	0.3	0.0	0.3	0.0	248.4	203.0	14.6
122913	1440	1.0	0.5	0.9	0.7	1.5	0.7	242.0	211.6	14.6
122913	1450	1.2	0.7	1.0	0.7	1.4	0.7	245.3	240.1	14.5
122913	1500	1.1	0.7	1.0	0.7	1.2	0.8	240.4	242.3	14.8
122913	1510	1.0	0.6	1.0	0.6	1.2	0.7	241.2	251.0	14.9
122913	1520	1.6	0.7	1.6	0.8	1.9	0.8	239.9	249.0	15.1
122913	1530	1.9	0.5	1.9	0.5	1.9	0.6	250.1	253.6	14.9
122913	1540	1.0	0.7	0.8	0.7	0.9	0.7	261.7	263.7	15.2
122913	1550	1.1	0.6	0.9	0.5	0.8	0.6	264.3	264.6	15.3
122913	1600	1.1	0.8	0.7	0.7	0.7	0.7	242.4	257.9	15.6
122913	1610	1.5	0.7	1.1	0.8	1.4	0.8	227.6	237.8	15.7
122913	1620	0.7	0.5	0.5	0.4	0.6	0.4	220.0	228.1	15.8
122913	1630	2.0	0.7	1.7	0.8	0.6	0.5	218.9	225.1	16.1
122913	1640	1.6	0.7	1.0	0.7	0.7	0.5	220.9	227.0	16.2
122913	1650	1.8	0.5	1.3	0.6	0.6	0.4	210.7	224.9	16.2
122913	1700	1.9	0.5	1.4	0.6	0.5	0.4	215.6	227.6	16.2
122913	1710	1.6	0.4	1.0	0.5	0.5	0.3	217.8	232.5	16.0
122913	1720	2.0	0.4	1.7	0.5	1.3	0.6	236.1	233.1	15.8
122913	1730	1.2	0.4	0.9	0.5	0.5	0.3	247.4	233.3	15.7
122913	1740	0.5	0.3	0.3	0.1	0.3	0.0	247.4	233.3	15.6
122913	1750	0.3	0.1	0.3	0.0	0.3	0.0	247.4	233.3	15.4
122913	1800	0.4	0.3	0.3	0.0	0.3	0.0	247.5	233.3	15.1
122913	1810	1.6	0.6	1.1	0.5	0.6	0.5	248.8	233.3	14.8
122913	1820	1.9	0.3	1.6	0.3	0.5	0.3	249.2	233.4	14.5
122913	1830	2.4	0.3	2.1	0.3	0.3	0.1	302.8	317.9	14.2
122913	1840	2.5	0.2	2.3	0.3	0.3	0.0	323.3	330.1	13.8
122913	1850	1.4	0.3	0.5	0.5	0.3	0.0	324.1	330.1	13.6
122913	1900	0.8	0.4	0.3	0.0	0.3	0.0	324.1	330.1	13.4
122913	1910	0.5	0.3	0.3	0.0	0.3	0.0	324.1	330.1	13.2
122913	1920	0.8	0.5	0.3	0.0	0.3	0.0	324.1	330.1	13.0
122913	1930	0.3	0.1	0.3	0.0	0.3	0.0	324.1	330.1	12.8
122913	1940	0.4	0.3	0.3	0.0	0.3	0.0	324.1	330.1	12.6
122913	1950	0.8	0.5	0.4	0.2	0.3	0.0	324.4	330.1	12.6
122913	2000	0.4	0.2	0.3	0.0	0.3	0.0	324.6	330.1	12.5
122913	2010	0.3	0.0	0.3	0.0	0.3	0.0	324.5	330.1	12.5
122913	2020	0.3	0.0	0.3	0.0	0.3	0.0	324.5	330.1	12.5
122913	2030	0.3	0.0	0.3	0.0	0.3	0.0	324.5	330.1	11.9
122913	2040	0.3	0.0	0.9	0.5	0.7	0.4	324.7	330.3	11.7
122913	2050	0.3	0.0	0.3	0.1	0.3	0.0	324.9	330.3	11.4
122913	2100	0.3	0.0	1.1	0.3	0.3	0.0	324.9	330.3	11.2
122913	2110	0.3	0.0	1.4	0.2	0.3	0.0	324.9	330.6	10.4
122913	2120	0.3	0.0	1.4	0.2	0.3	0.0	324.9	330.6	10.2
122913	2130	0.3	0.0	1.6	0.2	0.3	0.0	324.9	330.7	9.9
122913	2140	0.3	0.0	1.4	0.2	0.3	0.0	324.9	330.7	9.5
122913	2150	0.3	0.0	1.4	0.2	0.3	0.0	324.9	330.7	9.2
122913	2200	0.3	0.0	1.7	0.2	0.3	0.0	324.9	330.7	9.1
122913	2210	1.2	0.5	2.1	0.2	0.3	0.0	324.9	330.7	9.2
122913	2220	1.8	0.3	2.4	0.2	0.3	0.0	324.9	330.7	9.3
122913	2230	2.1	0.2	2.4	0.2	0.3	0.0	324.9	330.7	9.4
122913	2240	1.8	0.2	1.8	0.4	0.3	0.0	324.9	330.7	9.2
122913	2250	1.9	0.3	1.1	0.3	0.3	0.0	325.0	330.7	9.1
122913	2300	2.3	0.3	1.4	0.2	0.3	0.0	325.3	330.7	9.1
122913	2310	2.8	0.2	1.4	0.3	0.3	0.0	325.3	330.7	9.1
122913	2320	2.3	0.3	0.7	0.4	0.3	0.0	325.3	330.5	9.1
122913	2330	1.9	0.2	0.9	0.5	0.3	0.0	325.3	330.5	9.1
122913	2340	1.6	0.4	0.4	0.2	0.3	0.0	325.2	330.5	8.9
122913	2350	0.4	0.3	0.3	0.0	0.3	0.0	325.2	330.1	8.7
123013	0000	0.3	0.0	0.3	0.0	0.3	0.0	325.2	330.1	8.7
123013	0010	0.3	0.0	0.3	0.0	0.3	0.0	325.2	330.1	8.7
123013	0020	0.3	0.0	0.3	0.0	0.3	0.0	325.2	330.1	8.6
123013	0030	0.3	0.0	0.3	0.0	0.3	0.0	325.2	330.1	8.7
123013	0040	0.3	0.0	0.3	0.0	0.3	0.0	325.2	330.1	8.7
123013	0050	0.3	0.0	0.3	0.0	0.3	0.0	325.2	330.1	8.6
123013	0100	0.3	0.0	0.3	0.0	0.3	0.0	325.3	330.1	8.7
123013	0110	1.0	0.6	0.5	0.4	0.8	0.4	325.2	330.2	8.7
123013	0120	1.9	0.2	1.3	0.4	0.9	0.5	325.3	330.5	8.7
123013	0130	1.9	0.3	1.2	0.6	0.6	0.5	325.4	330.6	8.9
123013	0140	2.0	0.3	1.5	0.5	1.0	0.7	357.3	331.0	9.1
123013	0150	1.8	0.5	1.7	0.5	1.1	0.7	13.5	331.4	9.2
123013	0200	2.1	0.5	2.0	0.7	1.1	0.7	18.7	0.1	9.3
123013	0210	1.8	0.4	1.7	0.6	0.9	0.6	21.7	28.6	9.2
123013	0220	1.2	0.5	1.1	0.7	0.8	0.5	26.8	28.7	9.2
123013	0230	1.2	0.7	0.9	0.6	0.5	0.4	27.3	28.8	9.2
123013	0240	0.6	0.5	0.5	0.4	0.4	0.2	28.5	29.0	9.4
123013	0250	0.4	0.2	0.4	0.2	0.3	0.0	28.6	29.0	9.5
123013	0300	1.4	0.6	1.4	0.5	0.8	0.6	67.3	29.4	9.7
123013	0310	2.3	0.3	2.3	0.4	1.7	0.6	70.1	29.8	9.8
123013	0320	2.1	0.3	2.2	0.3	1.8	0.4	72.1	39.7	9.8
123013	0330	2.3	0.3	2.3	0.3	1.9	0.4	77.4	84.8	9.7
123013	0340	1.1	0.6	1.4	0.5	0.9	0.5	69.0	76.7	9.6
123013	0350	1.8	0.5	2.0	0.4	1.7	0.5	73.7	77.2	9.5
123013	0400	1.6	0.7	1.4	0.6	0.9	0.6	63.8	74.6	9.4
123013	0410	1.8	0.7	1.7	0.8	1.3	0.7	57.7	58.0	9.5
123013	0420	1.1	1.0	1.2	0.9	0.8	0.6	53.1	63.3	9.6
123013	0430	1.0	0.5	0.8	0.6	0.4	0.2	52.1	63.8	9.7
123013	0440	2.1	0.4	2.1	0.5	1.7	0.7	67.0	72.6	9.8
123013	0450	1.7	0.4	1.6	0.4	1.0	0.5	70.6	79.5	9.8
123013	0500	1.6	0.4	1.5	0.4	0.7	0.6	70.4	78.3	9.9
123013	0510	1.4	0.5	1.4	0.5	0.9	0.6	70.7	78.2	10.0
123013	0520	2.2	0.3	2.2	0.4	1.3	0.6	74.3	80.0	10.1
123013	0530	2.8	0.6	2.7	0.5	2.2	0.5	76.3	83.3	10.3
123013	0540	3.1	0.4	3.0	0.4	2.5	0.5	74.0	86.6	10.4
123013	0550	3.8	0.6	3.6	0.6	2.9	0.6	65.2	73.9	10.4
123013	0600	4.2	0.5	4.0	0.6	3.1	0.7	61.7	73.4	10.4
123013	0610	3.7	0.8	3.4	0.8	2.7	0.8	70.8	82.8	10.4
123013	0620	3.1	0.5	2.7	0.5	2.0	0.6	71.6	80.6	10.4
123013	0630	3.4	0.5	3.2	0.5	2.4	0.4	85.4	98.9	10.6
123013	0640	3.5	0.5	3.1	0.5	2.2	0.5	92.4	102.2	10.8
123013	0650	3.2	0.5	2.7	0.5	2.0	0.5	78.4	89.2	11.0
123013	0700	2.6	0.5	2.0	0.5	1.5	0.6	73.2	84.3	11.1
123013	0710	1.8	0.6	1.2	0.6	0.8	0.5	75.0	85.4	11.2
123013	0720	2.9	0.6	2.1	0.6	1.2	0.6	70.4	83.9	11.3
123013	0730	3.2	0.7	2.6	0.7	1.7	0.7	68.8	80.0	11.5
123013	0740	4.2	0.9	3.4	0.7	2.6	0.6	74.4	85.7	11.6
123013	0750	4.0	0.6	3.7	0.6	2.9	0.5	82.3	94.2	11.7
123013	0800	4.2	0.6	3.7	0.7	3.0	0.6	84.8	94.8	11.8
123013	0810	4.2	0.7	3.7	0.6	3.1	0.6	81.4	91.3	11.9
123013	0820	3.6	0.5	3.3	0.6	2.6	0.6	78.6	89.2	11.9
123013	0830	4.1	0.5	3.6	0.6	2.8	0.7	75.2	85.1	12.0
123013	0840	3.3	0.6	2.7	0.6	2.1	0.6	76.2	89.1	12.0
123013	0850	3.2	0.4	2.5	0.3	1.5	0.5	77.9	89.6	12.0
123013	0900	3.0	0.4	2.5	0.4	1.8	0.5	81.9	95.2	12.1
123013	0910	3.3	0.5	2.7	0.5	2.2	0.5	84.4	93.3	12.1
123013	0920	2.5	0.5	1.9	0.5	1.3	0.7	75.4	87.8	12.2
123013	0930	4.1	0.8	3.7	0.8	2.9	0.9	80.7	90.3	12.3
123013	0940	3.6	0.7	3.3	0.7	2.6	0.6	71.0	83.9	12.4
123013	0950	2.7	0.5	2.4	0.7	1.8	0.6	59.7	73.1	12.5
123013	1000	3.1	0.6	2.8	0.6	2.3	0.7	52.5	64.1	12.5
123013	1010	2.5	0.6	2.2	0.7	1.8	0.6	63.3	70.2	12.6
123013	1020	2.8	0.8	2.8	0.6	2.2	0.5	65.8	74.9	12.7
123013	1030	2.9	0.5	2.7	0.5	2.1	0.5	65.1	74.2	12.9
123013	1040	2.9	0.6	2.6	0.8	2.1	0.8	53.0	62.1	13.1
123013	1050	3.7	0.4	3.6	0.5	3.0	0.6	65.6	74.8	13.1
123013	1100	3.9	0.6	3.7	0.6	3.2	0.5	70.2	81.7	13.1
123013	1110	4.2	0.7	3.9	0.7	3.3	0.8	69.4	78.4	13.1
123013	1120	4.5	0.6	4.4	0.7	3.7	0.7	85.8	96.8	13.1
123013	1130	4.5	0.6	4.4	0.7	3.9	0.7	79.9	90.1	13.2
123013	1140	3.7	0.6	3.7	0.6	3.4	0.5	67.4	75.6	13.4
123013	1150	3.3	0.6	3.1	0.6	2.9	0.6	83.6	91.6	13.7
123013	1200	2.8	0.7	3.1	0.7	2.9	0.7	54.8	62.4	13.9
123013	1210	3.2	0.4	3.3	0.5	3.1	0.5	57.1	66.6	13.8
123013	1220	3.0	0.5	3.0	0.5	2.9	0.5	73.9	88.9	14.3
123013	1230	3.3	0.5	3.1	0.5	2.5	0.8	101.7	115.8	14.7
123013	1240	2.8	0.4	2.6	0.5	2.2	0.6	104.0	117.2	15.0
123013	1250	2.2	0.5	1.9	0.7	1.7	0.7	102.2	116.1	15.2
123013	1300	1.8	0.7	1.8	0.6	1.8	0.7	106.7	118.0	15.6
123013	1310	1.6	0.6	1.6	0.7	1.4	0.7	103.1	118.6	15.9
123013	1320	2.0	0.7	1.9	0.7	1.9	0.7	99.3	107.5	16.1
123013	1330	1.8	0.9	1.5	0.8	1.2	0.7	105.8	120.3	16.6
123013	1340	1.8	0.8	1.7	0.9	1.7	0.9	110.8	122.8	16.8
123013	1350	2.4	0.8	1.7	1.0	1.3	0.8	123.3	133.5	16.9
123013	1400	2.2	0.6	1.7	0.9	1.6	0.9	112.6	122.4	17.1
123013	1410	2.5	0.4	1.8	0.7	1.7	0.8	112.9	124.2	17.2
123013	1420	2.0	0.7	1.2	0.8	1.1	0.7	122.1	128.7	17.5
123013	1430	2.2	0.5	1.5	0.8	1.2	0.7	125.6	137.4	17.9
123013	1440	2.0	0.4	1.2	0.7	1.0	0.6	135.8	147.1	18.0
123013	1450	2.2	0.5	1.0	0.7	0.9	0.6	122.8	142.9	18.5
123013	1500	1.9	0.7	1.1	0.8	0.9	0.6	139.5	157.4	18.7
123013	1510	2.0	0.5	1.2	0.6	1.0	0.6	141.2	155.1	18.9
123013	1520	2.3	0.5	1.7	0.8	1.3	0.7	134.3	140.6	18.9
123013	1530	2.1	0.5	1.3	0.7	1.2	0.7	138.2	147.6	19.0
123013	1540	1.7	0.7	1.1	0.7	0.9	0.6	111.0	133.5	19.2
123013	1550	1.8	0.8	1.1	0.8	1.0	0.7	126.1	132.9	19.3
123013	1600	1.8	0.6	1.3	0.8	1.3	0.8	146.4	154.1	19.3
123013	1610	1.9	0.4	0.9	0.6	0.9	0.5	132.8	152.9	19.5
123013	1620	2.3	0.3	1.9	0.4	1.5	0.7	142.7	154.3	19.4
123013	1630	2.1	0.4	1.5	0.6	0.6	0.5	130.5	142.4	19.4
123013	1640	2.8	0.4	2.4	0.4	1.6	0.7	138.0	145.4	19.3
123013	1650	2.9	0.4	2.6	0.4	1.7	0.7	151.5	163.8	19.2
123013	1700	2.6	0.5	2.1	0.6	1.5	0.8	141.9	160.9	19.1
123013	1710	1.8	0.4	1.0	0.6	0.5	0.4	137.3	161.3	19.0
123013	1720	1.6	0.6	1.1	0.6	0.5	0.3	142.3	159.8	18.8
123013	1730	1.2	0.4	0.4	0.3	0.3	0.0	149.0	157.7	18.7
123013	1740	0.9	0.5	0.3	0.2	0.3	0.0	144.0	157.7	18.4
123013	1750	1.4	0.4	0.4	0.3	0.3	0.0	133.4	147.1	18.0
123013	1800	0.8	0.4	0.3	0.0	0.3	0.0	133.0	146.8	17.7
123013	1810	0.3	0.0	0.3	0.0	0.3	0.0	133.0	146.8	17.3
123013	1820	0.5	0.3	0.3	0.0	0.3	0.0	133.0	146.8	16.8
123013	1830	1.2	0.3	0.3	0.0	0.3	0.0	133.1	146.8	16.5
123013	1840	1.2	0.2	0.3	0.0	0.3	0.0	133.5	146.8	16.1
123013	1850	1.0	0.3	0.3	0.0	0.3	0.0	136.4	146.9	15.5
123013	1900	1.1	0.4	0.3	0.0	0.3	0.0	136.7	146.9	14.8
123013	1910	0.7	0.4	0.3	0.0	0.3	0.0	136.9	146.9	14.7
123013	1920	0.4	0.2	0.3	0.0	0.3	0.0	136.9	146.9	14.4
123013	1930	0.3	0.0	0.3	0.0	0.3	0.0	136.9	146.9	14.1
123013	1940	0.3	0.0	0.3	0.0	0.3	0.0	136.9	146.9	14.0
123013	1950	0.3	0.0	0.3	0.0	0.3	0.0	136.9	146.9	13.9
123013	2000	0.3	0.0	0.3	0.0	0.3	0.0	136.9	146.9	13.5
123013	2010	0.3	0.0	0.3	0.0	0.3	0.0	136.9	146.9	13.3
123013	2020	0.3	0.0	0.3	0.0	0.3	0.0	136.9	146.9	13.3
123013	2030	0.3	0.0	0.3	0.0	0.3	0.0	136.9	146.9	13.3
123013	2040	0.3	0.0	0.3	0.0	0.3	0.0	136.9	146.9	13.1
123013	2050	0.3	0.0	0.3	0.0	0.3	0.0	136.9	146.9	13.0
123013	2100	0.3	0.0	0.3	0.0	0.3	0.0	136.9	146.9	12.8
123013	2110	0.3	0.0	0.3	0.0	0.3	0.0	136.9	146.9	12.7
123013	2120	0.3	0.0	0.3	0.0	0.3	0.0	136.9	146.9	12.5
123013	2130	0.3	0.0	0.3	0.0	0.3	0.0	136.9	146.9	12.4
123013	2140	0.3	0.0	0.3	0.0	0.3	0.0	136.9	146.8	12.2
123013	2150	0.3	0.0	0.8	0.4	0.3	0.0	136.9	146.5	11.9
123013	2200	0.3	0.0	0.8	0.4	0.3	0.0	137.1	146.3	11.8
123013	2210	0.3	0.0	1.0	0.3	0.3	0.0	137.7	146.3	11.8
123013	2220	0.3	0.0	0.8	0.5	0.3	0.0	137.7	146.2	11.8
123013	2230	0.3	0.0	0.7	0.4	0.3	0.0	137.7	146.1	11.5
123013	2240	0.3	0.0	1.3	0.4	0.3	0.0	137.7	146.1	11.5
123013	2250	0.3	0.0	1.7	0.2	0.3	0.0	137.4	146.0	11.4
123013	2300	0.9	0.4	2.1	0.2	0.3	0.0	136.5	145.8	11.4
123013	2310	1.3	0.2	1.7	0.3	0.3	0.0	136.5	145.7	11.3
123013	2320	0.8	0.5	1.6	0.3	0.3	0.0	136.5	145.7	11.1
123013	2330	1.2	0.4	1.8	0.2	0.3	0.0	136.5	145.7	10.9
123013	2340	1.0	0.5	1.2	0.5	0.3	0.0	136.6	145.7	10.8
123013	2350	1.9	0.2	1.4	0.3	0.3	0.0	137.2	145.9	10.5
123113	0000	1.9	0.2	1.3	0.6	0.3	0.0	136.9	145.9	10.3
123113	0010	2.0	0.2	2.1	0.3	0.3	0.0	136.9	145.9	10.0
123113	0020	1.6	0.2	1.2	0.4	0.3	0.0	136.9	145.9	9.9
123113	0030	1.5	0.1	1.7	0.5	0.3	0.0	136.9	145.9	10.1
123113	0040	2.1	0.3	2.0	0.4	0.3	0.0	347.4	145.9	10.1
123113	0050	2.0	0.3	2.2	0.2	0.3	0.0	316.7	145.9	9.8
123113	0100	2.5	0.2	2.0	0.2	0.3	0.0	316.5	146.2	9.3
123113	0110	2.2	0.3	1.3	0.5	0.3	0.0	316.4	146.5	9.6
123113	0120	1.9	0.3	0.7	0.4	0.3	0.0	316.4	146.6	9.9
123113	0130	1.9	0.2	0.9	0.4	0.3	0.0	315.7	146.7	9.8
123113	0140	1.8	0.2	0.3	0.0	0.3	0.0	315.1	146.7	9.6
123113	0150	2.1	0.3	0.3	0.0	0.3	0.0	314.6	146.7	10.1
123113	0200	2.5	0.2	1.2	0.7	0.3	0.0	314.4	146.7	10.0
123113	0210	2.4	0.2	1.8	0.2	0.3	0.0	315.0	146.3	9.3
123113	0220	3.1	0.3	2.3	0.3	0.3	0.0	321.0	146.0	9.1
123113	0230	3.3	0.2	2.2	0.3	0.3	0.0	333.1	145.6	9.2
123113	0240	3.3	0.2	2.0	0.3	0.3	0.0	330.7	145.6	9.3
123113	0250	3.2	0.2	2.8	0.4	0.4	0.1	351.5	145.4	9.2
123113	0300	3.2	0.3	3.0	0.2	0.4	0.3	356.8	128.2	9.3
123113	0310	3.3	0.2	3.4	0.3	1.0	0.5	0.3	17.6	9.6
123113	0320	3.3	0.3	3.1	0.5	0.5	0.3	351.4	21.0	9.7
123113	0330	3.3	0.3	2.3	0.2	0.3	0.1	354.4	21.3	9.6
123113	0340	3.7	0.2	2.4	0.3	0.3	0.0	348.4	21.2	9.4
123113	0350	3.6	0.3	2.2	0.3	0.3	0.0	354.1	19.2	9.3
123113	0400	4.0	0.2	3.1	0.3	0.4	0.2	10.4	27.4	9.3
123113	0410	4.2	0.2	2.8	0.3	0.3	0.1	11.1	29.3	9.3
123113	0420	4.9	0.2	2.9	0.2	0.4	0.2	19.3	24.6	9.2
123113	0430	5.5	0.3	3.1	0.2	0.3	0.0	22.1	27.5	9.1
123113	0440	6.0	0.2	3.5	0.3	0.4	0.2	21.3	29.2	9.1
123113	0450	6.0	0.3	3.3	0.4	0.4	0.1	26.2	32.1	9.1
123113	0500	5.6	0.3	3.4	0.3	0.4	0.1	28.3	35.8	9.3
123113	0510	4.9	0.4	3.3	0.3	0.4	0.3	30.2	38.8	9.6
123113	0520	5.3	0.3	3.0	0.2	0.3	0.0	28.3	37.7	9.4
123113	0530	5.2	0.2	3.1	0.2	0.3	0.1	27.5	37.2	9.3
123113	0540	4.7	0.3	2.8	0.2	0.3	0.0	24.7	35.2	9.1
123113	0550	4.0	0.3	2.4	0.3	0.3	0.0	21.8	32.5	8.8
123113	0600	3.6	0.2	1.7	0.3	0.3	0.0	20.1	31.8	8.8
123113	0610	3.6	0.3	2.0	0.2	0.3	0.0	20.2	32.4	8.8
123113	0620	3.1	0.2	1.7	0.2	0.3	0.0	20.6	32.9	8.6
123113	0630	2.6	0.3	0.7	0.5	0.3	0.0	20.8	32.9	8.6
123113	0640	2.6	0.3	0.4	0.3	0.3	0.0	21.0	32.9	8.6
123113	0650	2.2	0.4	0.3	0.1	0.3	0.0	21.1	32.9	8.6
123113	0700	0.7	0.4	0.3	0.0	0.3	0.0	21.1	32.9	8.6
123113	0710	0.5	0.3	0.3	0.0	0.3	0.0	21.1	32.9	8.3
123113	0720	0.6	0.4	0.3	0.0	0.3	0.0	21.1	32.9	8.1
123113	0730	2.1	0.4	0.3	0.0	0.3	0.0	21.1	32.9	7.8
123113	0740	0.9	0.6	0.3	0.0	0.3	0.0	21.2	32.9	8.0
123113	0750	0.7	0.5	0.3	0.0	0.3	0.0	21.1	32.8	7.8
123113	0800	0.8	0.5	0.3	0.0	0.3	0.0	21.1	32.8	8.0
123113	0810	0.3	0.0	0.3	0.0	0.3	0.0	21.1	32.8	8.1
123113	0820	0.3	0.0	0.3	0.0	0.3	0.0	21.1	32.9	8.2
123113	0830	0.3	0.0	0.3	0.0	0.3	0.0	21.1	32.9	8.4
123113	0840	0.3	0.0	0.3	0.1	0.3	0.0	21.1	32.3	8.4
123113	0850	0.3	0.0	0.3	0.0	0.3	0.0	21.1	32.1	8.8
123113	0900	0.5	0.3	0.3	0.0	0.3	0.0	21.1	32.1	9.0
123113	0910	0.3	0.0	0.3	0.0	0.3	0.0	21.1	32.2	9.7
123113	0920	0.3	0.0	0.3	0.0	0.3	0.0	21.1	32.1	9.9
123113	0930	0.3	0.0	0.3	0.1	0.3	0.0	21.0	32.1	10.1
123113	0940	0.3	0.0	0.6	0.4	0.3	0.0	20.7	32.0	10.4
123113	0950	0.7	0.6	0.6	0.5	0.5	0.3	20.4	32.0	11.4
123113	1000	1.2	0.5	0.6	0.5	0.4	0.2	20.0	31.9	11.7
123113	1010	0.6	0.4	0.3	0.1	0.3	0.0	20.1	32.0	12.4
123113	1020	1.4	0.3	0.8	0.5	0.4	0.2	20.2	32.1	13.0
123113	1030	0.7	0.5	0.3	0.2	0.3	0.1	20.1	32.0	13.9
123113	1040	0.4	0.2	0.3	0.0	0.3	0.0	20.1	32.0	14.7
123113	1050	0.4	0.3	0.3	0.1	0.3	0.1	20.1	32.0	15.4
123113	1100	0.4	0.3	0.3	0.0	0.4	0.1	20.1	32.0	16.4
123113	1110	0.4	0.2	0.4	0.2	0.5	0.3	20.1	31.9	17.2
123113	1120	0.3	0.1	0.3	0.0	0.4	0.2	20.3	32.0	17.9
123113	1130	0.4	0.3	0.3	0.0	0.4	0.1	20.7	33.1	18.6
123113	1140	0.7	0.6	0.7	0.5	0.5	0.3	21.3	50.1	18.8
123113	1150	1.1	0.5	0.8	0.5	0.8	0.5	191.3	155.6	19.0
123113	1200	0.6	0.4	0.6	0.4	0.4	0.3	179.1	161.7	19.7
123113	1210	0.4	0.2	0.4	0.2	0.5	0.3	170.9	158.9	20.5
123113	1220	0.4	0.3	0.4	0.2	0.5	0.3	217.3	160.6	20.1
123113	1230	1.3	0.6	1.0	0.6	1.1	0.7	236.0	223.8	20.1
123113	1240	1.3	0.6	1.2	0.7	1.2	0.6	228.6	233.6	20.4
123113	1250	1.1	0.7	1.1	0.7	1.2	0.7	263.7	233.8	20.2
123113	1300	1.2	0.6	1.2	0.6	1.1	0.6	283.5	273.8	20.5
123113	1310	1.3	0.6	1.2	0.6	1.2	0.5	294.7	285.0	20.9
123113	1320	1.3	0.7	1.2	0.6	1.2	0.7	273.3	284.3	21.1
123113	1330	1.0	0.7	0.9	0.7	0.9	0.6	339.5	331.4	21.5
123113	1340	0.9	0.7	0.8	0.6	0.7	0.6	5.3	40.5	22.4
123113	1350	1.2	0.8	1.0	0.7	0.9	0.7	347.1	9.9	22.5
123113	1400	0.8	0.6	0.6	0.5	0.6	0.7	13.3	27.9	22.4
123113	1410	0.4	0.2	0.3	0.1	0.4	0.2	11.8	31.9	22.9
123113	1420	0.3	0.1	0.4	0.3	0.3	0.1	36.4	38.2	23.4
123113	1430	0.3	0.0	0.3	0.0	0.4	0.1	310.0	329.9	22.2
123113	1440	0.9	0.7	0.9	0.6	0.6	0.4	234.9	338.7	22.6
123113	1450	1.1	0.7	0.8	0.5	0.6	0.4	153.1	157.3	22.3
123113	1500	0.8	0.5	0.8	0.5	0.6	0.4	161.0	161.0	22.3
123113	1510	1.4	0.6	1.1	0.7	0.9	0.6	164.2	174.9	22.3
123113	1520	0.6	0.5	0.6	0.5	0.6	0.4	162.1	173.4	22.3
123113	1530	0.6	0.4	0.6	0.4	0.7	0.5	198.9	179.0	22.2
123113	1540	0.9	0.5	0.6	0.4	0.7	0.5	219.6	187.5	21.9
123113	1550	0.4	0.2	0.4	0.3	0.4	0.3	209.1	187.4	22.5
123113	1600	0.3	0.0	0.3	0.0	0.3	0.0	206.6	187.4	22.8
123113	1610	0.3	0.0	0.3	0.0	0.3	0.0	205.5	187.4	22.4
123113	1620	1.0	0.7	0.8	0.6	0.6	0.5	228.5	187.5	21.9
123113	1630	1.5	0.4	1.2	0.5	1.0	0.5	254.5	188.0	21.5
123113	1640	1.8	0.4	1.5	0.4	1.1	0.5	254.5	193.1	21.3
123113	1650	2.3	0.2	2.0	0.2	1.6	0.3	248.0	237.1	21.0
123113	1700	2.6	0.3	2.3	0.2	1.4	0.3	248.0	237.6	20.6
123113	1710	3.2	0.3	2.5	0.3	1.5	0.3	251.0	242.9	20.3
123113	1720	3.4	0.2	2.5	0.2	1.4	0.3	254.2	261.3	20.1
123113	1730	3.9	0.3	3.0	0.3	1.7	0.3	254.1	261.1	19.9
123113	1740	4.4	0.2	3.4	0.3	2.2	0.3	254.2	261.2	19.7
123113	1750	4.1	0.2	3.2	0.2	1.7	0.4	252.4	258.5	19.7
123113	1800	3.4	0.2	2.7	0.3	0.6	0.5	248.8	254.7	19.7
123113	1810	3.3	0.2	2.4	0.2	0.4	0.2	246.2	253.4	19.6
123113	1820	3.6	0.2	2.3	0.2	0.3	0.1	254.7	257.7	19.2
123113	1830	3.6	0.2	2.0	0.3	0.3	0.0	259.3	259.1	18.7
123113	1840	3.4	0.2	1.8	0.2	0.3	0.0	262.0	259.1	18.3
123113	1850	3.7	0.2	2.1	0.2	0.3	0.0	262.4	259.1	18.1
123113	1900	3.9	0.2	2.4	0.2	0.3	0.0	262.4	259.1	18.0
123113	1910	3.8	0.1	2.4	0.2	0.3	0.0	262.3	259.1	17.9
123113	1920	3.8	0.2	2.5	0.2	0.3	0.0	262.3	259.1	17.7
123113	1930	4.1	0.2	2.8	0.2	0.3	0.0	261.5	259.1	17.6
123113	1940	4.4	0.3	2.9	0.2	0.5	0.4	266.8	264.5	17.6
123113	1950	4.6	0.2	3.2	0.2	0.8	0.5	284.9	278.8	17.5
123113	2000	4.2	0.1	2.9	0.2	0.3	0.0	287.8	279.0	17.4
123113	2010	4.0	0.2	2.3	0.2	0.3	0.0	287.8	279.0	17.1
123113	2020	4.1	0.4	2.2	0.2	0.3	0.0	286.4	278.8	16.9
123113	2030	3.9	0.4	2.6	0.5	1.2	0.2	274.2	276.3	16.6
123113	2040	4.7	0.3	3.7	0.2	1.5	0.3	261.5	269.1	16.6
123113	2050	5.4	0.2	4.0	0.3	2.0	0.3	255.6	261.2	16.6
123113	2100	5.5	0.2	3.7	0.3	1.8	0.3	256.4	257.5	16.6
123113	2110	5.5	0.2	4.0	0.3	2.1	0.3	258.8	260.3	16.6
123113	2120	5.3	0.3	3.9	0.3	2.0	0.5	248.4	251.9	16.5
123113	2130	5.6	0.3	4.3	0.3	1.9	0.7	246.4	246.8	16.5
123113	2140	4.9	0.3	3.8	0.3	1.9	0.4	249.5	253.6	16.2
123113	2150	5.2	0.4	4.1	0.4	2.5	0.5	248.8	253.7	16.1
123113	2200	5.5	0.5	4.4	0.4	3.0	0.5	245.4	251.2	16.1
123113	2210	4.7	0.4	3.6	0.5	2.2	0.6	245.3	248.9	16.1
123113	2220	4.5	0.3	3.5	0.3	2.0	0.4	255.5	257.2	15.9
123113	2230	4.6	0.3	3.5	0.3	2.0	0.4	270.6	275.3	15.6
123113	2240	4.7	0.3	3.5	0.3	1.9	0.3	270.2	276.0	15.6
123113	2250	4.9	0.3	3.7	0.3	1.8	0.5	267.0	271.8	15.4
123113	2300	4.2	0.3	2.8	0.3	1.3	0.3	270.4	272.0	15.4
123113	2310	4.1	0.2	2.8	0.2	1.3	0.3	268.0	274.1	15.3
123113	2320	4.3	0.3	3.0	0.2	1.5	0.4	269.9	272.8	15.3
123113	2330	4.2	0.2	2.7	0.2	0.8	0.5	281.9	273.4	15.2
123113	2340	3.7	0.3	1.7	0.5	0.3	0.0	284.2	273.3	15.0
123113	2350	2.4	0.6	0.4	0.2	0.3	0.0	283.0	273.2	15.0