Date	Time	50mWS	50mSD	30mWS	30mSD	10mWS	10mSD	50mDIR	30mDIR	TEMP
010113	0000	0.7	0.5	0.7	0.6	0.4	0.2	359.9	352.5	9.7
010113	0010	0.3	0.0	1.0	0.4	0.3	0.0	359.9	352.5	9.4
010113	0020	1.5	0.6	1.7	0.3	0.5	0.3	359.9	352.5	8.9
010113	0030	2.4	0.4	2.0	0.5	0.7	0.4	28.0	352.6	8.7
010113	0040	3.2	0.4	2.1	0.4	0.7	0.5	14.6	352.6	8.9
010113	0050	3.2	0.2	2.0	0.3	0.7	0.4	0.2	352.6	9.4
010113	0100	3.3	0.2	2.5	0.3	0.8	0.5	0.2	352.9	9.8
010113	0110	3.3	0.2	2.7	0.3	0.5	0.3	0.2	353.2	9.6
010113	0120	3.3	0.2	2.2	0.3	0.3	0.0	0.2	353.1	8.5
010113	0130	3.1	0.2	2.1	0.3	0.3	0.0	0.1	353.0	8.0
010113	0140	3.5	0.2	2.4	0.2	0.3	0.0	0.2	353.1	8.6
010113	0150	3.6	0.2	2.4	0.2	0.3	0.0	0.2	353.0	8.2
010113	0200	3.3	0.2	2.1	0.3	0.3	0.0	0.1	353.0	8.0
010113	0210	3.2	0.2	1.7	0.2	0.3	0.0	0.2	352.9	7.4
010113	0220	3.1	0.2	0.9	0.5	0.3	0.0	0.2	352.8	7.2
010113	0230	2.8	0.2	0.7	0.5	0.3	0.0	0.2	352.7	7.1
010113	0240	2.7	0.2	1.6	0.4	0.3	0.0	0.2	352.8	7.0
010113	0250	2.8	0.2	1.8	0.2	0.3	0.0	0.2	352.9	7.1
010113	0300	3.0	0.2	2.0	0.2	0.3	0.1	0.2	352.9	7.2
010113	0310	1.8	0.3	1.7	0.2	0.3	0.0	0.2	352.8	7.1
010113	0320	1.6	0.2	2.1	0.2	0.3	0.0	0.2	352.8	7.0
010113	0330	1.8	0.2	1.9	0.2	0.3	0.0	0.2	352.8	6.8
010113	0340	2.2	0.2	2.2	0.3	0.3	0.0	0.2	352.8	6.8
010113	0350	2.1	0.2	1.6	0.2	0.3	0.0	0.2	352.8	6.9
010113	0400	2.3	0.2	1.8	0.4	0.3	0.0	0.2	352.7	6.8
010113	0410	2.5	0.2	2.2	0.3	0.3	0.0	0.2	352.8	6.8
010113	0420	2.7	0.2	2.4	0.2	0.4	0.1	0.2	352.8	7.0
010113	0430	3.1	0.2	2.4	0.4	0.3	0.0	0.2	352.8	6.8
010113	0440	2.9	0.3	2.1	0.4	0.3	0.0	0.2	352.8	6.8
010113	0450	2.4	0.5	0.8	0.5	0.3	0.0	0.2	352.7	6.5
010113	0500	2.5	0.3	0.3	0.0	0.3	0.0	0.2	352.6	6.4
010113	0510	2.3	0.5	0.5	0.4	0.3	0.0	0.1	352.6	6.4
010113	0520	3.1	0.4	1.3	0.7	0.3	0.0	0.1	352.6	6.6
010113	0530	3.4	0.4	2.0	0.4	0.3	0.0	0.2	352.7	6.6
010113	0540	2.3	0.5	1.2	0.6	0.3	0.0	0.2	352.6	6.4
010113	0550	1.7	0.7	1.2	0.7	0.3	0.0	0.2	352.6	6.3
010113	0600	2.3	0.5	1.3	0.4	0.3	0.0	0.2	352.6	6.4
010113	0610	2.4	0.3	0.9	0.8	0.3	0.0	0.1	352.6	6.7
010113	0620	1.9	0.3	0.3	0.1	0.3	0.0	0.2	352.4	6.6
010113	0630	1.9	0.6	0.8	0.5	0.5	0.3	5.4	352.2	6.4
010113	0640	1.3	0.6	1.1	0.6	0.4	0.2	29.5	352.0	6.0
010113	0650	0.9	0.5	0.3	0.2	0.3	0.0	0.2	352.2	5.8
010113	0700	1.4	0.6	0.6	0.5	0.3	0.0	0.2	352.2	5.9
010113	0710	2.1	0.5	0.9	0.7	0.4	0.1	0.1	352.4	5.8
010113	0720	1.9	0.3	0.6	0.5	0.3	0.0	0.1	352.3	5.9
010113	0730	1.7	0.6	0.3	0.1	0.3	0.0	0.2	352.4	5.9
010113	0740	0.3	0.0	0.3	0.0	0.3	0.0	0.1	352.3	6.0
010113	0750	0.9	0.8	0.3	0.0	0.4	0.1	0.2	352.3	6.0
010113	0800	0.5	0.4	0.3	0.0	0.3	0.0	0.2	352.2	6.3
010113	0810	0.3	0.0	0.3	0.0	0.3	0.0	0.2	352.1	6.4
010113	0820	0.3	0.0	0.3	0.1	0.3	0.0	0.1	342.9	6.5
010113	0830	0.3	0.0	0.3	0.0	0.3	0.0	0.2	312.4	7.1
010113	0840	0.3	0.0	0.3	0.0	0.3	0.0	0.2	312.5	7.4
010113	0850	0.3	0.0	0.3	0.0	0.3	0.0	0.2	312.5	7.1
010113	0900	0.3	0.0	0.3	0.0	0.3	0.0	0.2	312.5	6.9
010113	0910	0.3	0.0	0.3	0.0	0.3	0.0	0.2	312.5	7.0
010113	0920	0.3	0.0	0.3	0.0	0.3	0.0	0.2	312.5	7.2
010113	0930	0.3	0.0	0.3	0.0	0.3	0.0	0.2	312.5	7.4
010113	0940	0.3	0.0	0.3	0.0	0.3	0.0	0.2	312.5	7.5
010113	0950	0.3	0.0	0.3	0.0	0.3	0.0	0.2	312.5	7.9
010113	1000	0.4	0.2	0.3	0.1	0.4	0.3	296.4	312.4	8.5
010113	1010	0.4	0.2	0.3	0.0	0.4	0.2	277.5	312.4	9.2
010113	1020	0.3	0.0	0.3	0.0	0.3	0.0	277.1	312.5	9.4
010113	1030	0.3	0.0	0.3	0.0	0.3	0.0	277.1	312.4	10.2
010113	1040	0.3	0.0	0.3	0.0	0.3	0.0	277.1	312.5	10.5
010113	1050	0.3	0.0	0.3	0.0	0.3	0.0	277.1	312.5	11.2
010113	1100	0.3	0.0	0.3	0.0	0.3	0.1	277.1	312.4	11.7
010113	1110	0.4	0.3	0.3	0.0	0.4	0.1	277.5	312.5	12.5
010113	1120	0.3	0.2	0.4	0.2	0.4	0.2	277.6	312.5	13.0
010113	1130	0.6	0.4	0.5	0.4	0.5	0.3	277.5	312.4	14.0
010113	1140	0.5	0.4	0.6	0.5	0.5	0.3	277.3	312.3	15.0
010113	1150	0.4	0.3	0.6	0.4	0.4	0.3	277.3	312.5	16.3
010113	1200	0.3	0.0	0.3	0.0	0.4	0.1	277.3	312.4	17.4
010113	1210	0.3	0.0	0.3	0.2	0.4	0.1	277.3	312.4	18.4
010113	1220	0.5	0.4	0.5	0.4	0.4	0.3	265.1	312.3	19.0
010113	1230	0.4	0.3	0.6	0.4	0.5	0.3	240.1	311.9	19.7
010113	1240	0.5	0.4	0.8	0.5	0.9	0.5	240.2	290.8	19.7
010113	1250	0.4	0.3	0.5	0.3	0.5	0.4	201.8	276.4	20.4
010113	1300	0.8	0.6	0.7	0.5	0.7	0.4	197.6	276.3	20.7
010113	1310	0.9	0.6	1.0	0.6	0.9	0.6	206.7	276.1	21.0
010113	1320	2.0	0.4	1.8	0.5	1.5	0.7	219.2	251.3	21.0
010113	1330	1.9	0.7	1.9	0.7	1.5	0.8	230.0	219.0	21.3
010113	1340	2.9	0.4	2.6	0.6	1.6	0.6	211.2	227.3	21.2
010113	1350	2.7	0.6	2.4	0.5	1.8	0.8	218.6	222.4	21.4
010113	1400	2.9	0.5	2.7	0.5	2.2	0.6	215.7	208.2	21.1
010113	1410	2.9	0.6	2.7	0.6	2.3	0.6	212.7	210.5	21.4
010113	1420	2.7	0.7	2.7	0.6	2.2	0.7	224.4	233.8	21.3
010113	1430	3.0	0.6	2.8	0.7	2.1	0.8	217.2	220.5	21.6
010113	1440	3.1	0.6	3.0	0.5	1.8	0.6	221.0	227.1	21.9
010113	1450	3.4	0.7	3.2	0.7	2.5	0.6	228.1	237.8	21.8
010113	1500	3.0	0.6	2.8	0.6	2.2	0.8	220.1	232.3	21.8
010113	1510	3.7	0.6	3.3	0.7	2.3	0.8	221.1	231.6	22.2
010113	1520	3.6	0.5	3.2	0.6	2.4	0.9	233.0	239.3	22.2
010113	1530	3.4	0.6	3.2	0.6	2.8	0.6	241.9	237.1	21.9
010113	1540	3.7	0.6	3.5	0.6	3.2	0.6	249.7	258.5	21.9
010113	1550	3.6	0.5	3.5	0.5	3.3	0.5	252.2	260.9	21.8
010113	1600	3.6	0.5	3.4	0.6	2.7	0.7	233.8	235.1	22.1
010113	1610	3.8	0.5	3.4	0.5	2.3	0.6	230.9	235.1	22.3
010113	1620	3.8	0.4	3.6	0.5	2.9	0.7	237.9	246.3	22.3
010113	1630	3.5	0.4	3.3	0.4	3.0	0.5	247.5	249.9	22.0
010113	1640	3.7	0.3	3.5	0.4	2.9	0.4	260.2	261.9	21.8
010113	1650	3.6	0.3	3.3	0.4	2.6	0.5	244.0	261.4	21.7
010113	1700	3.2	0.3	3.0	0.3	2.4	0.4	241.9	261.0	21.5
010113	1710	2.9	0.3	2.6	0.3	1.9	0.3	241.8	261.1	21.3
010113	1720	2.8	0.3	2.5	0.3	1.7	0.3	244.9	261.4	20.9
010113	1730	2.6	0.2	2.2	0.2	1.3	0.2	244.9	261.4	20.6
010113	1740	2.6	0.2	2.2	0.2	0.6	0.4	243.7	261.3	20.5
010113	1750	3.1	0.2	2.6	0.2	0.3	0.0	240.6	261.0	20.2
010113	1800	3.5	0.2	3.1	0.3	0.8	0.7	239.5	261.0	19.8
010113	1810	3.6	0.2	3.1	0.2	1.5	0.3	239.9	261.0	18.6
010113	1820	3.6	0.2	2.9	0.2	1.2	0.2	241.0	261.1	17.4
010113	1830	3.7	0.2	3.2	0.2	1.4	0.3	241.0	261.1	17.8
010113	1840	4.4	0.3	3.6	0.2	1.7	0.4	241.0	261.0	17.6
010113	1850	5.1	0.2	4.0	0.2	2.1	0.2	241.0	261.0	16.9
010113	1900	5.3	0.2	4.1	0.2	2.1	0.3	241.6	261.0	16.6
010113	1910	5.4	0.2	3.8	0.2	1.7	0.2	241.9	261.0	16.1
010113	1920	5.3	0.2	3.7	0.2	1.2	0.5	241.8	261.0	15.6
010113	1930	4.9	0.3	3.2	0.3	0.5	0.3	241.9	261.0	15.3
010113	1940	5.1	0.2	3.4	0.2	1.2	0.4	242.2	261.0	14.3
010113	1950	5.2	0.3	3.9	0.2	1.2	0.4	242.2	260.9	14.3
010113	2000	5.6	0.2	3.9	0.2	0.6	0.4	242.2	260.8	14.1
010113	2010	5.6	0.3	3.6	0.3	1.0	0.5	242.2	260.8	13.7
010113	2020	6.2	0.3	4.3	0.3	1.5	0.3	242.2	260.8	13.8
010113	2030	5.8	0.2	3.8	0.2	1.6	0.2	242.2	260.8	13.5
010113	2040	5.8	0.3	3.6	0.2	1.5	0.4	242.2	260.8	12.7
010113	2050	5.2	0.3	2.8	0.3	0.3	0.1	242.2	261.2	12.6
010113	2100	4.7	0.3	2.5	0.3	0.3	0.0	242.3	261.4	12.1
010113	2110	5.2	0.2	3.3	0.2	0.4	0.2	242.2	261.4	12.6
010113	2120	5.2	0.2	3.5	0.2	0.6	0.3	242.2	261.3	12.9
010113	2130	4.8	0.2	3.3	0.2	0.3	0.0	242.2	261.3	12.5
010113	2140	4.6	0.2	3.5	0.2	0.8	0.4	242.2	261.3	12.3
010113	2150	4.6	0.2	3.2	0.2	0.3	0.0	242.2	261.3	11.9
010113	2200	4.7	0.2	2.4	0.4	0.3	0.0	243.1	261.7	11.0
010113	2210	4.8	0.2	2.6	0.2	0.3	0.0	244.0	261.9	10.6
010113	2220	4.5	0.3	2.9	0.3	0.6	0.3	262.8	262.1	10.2
010113	2230	4.1	0.3	3.1	0.2	0.4	0.1	275.6	262.2	9.7
010113	2240	3.8	0.3	2.8	0.2	0.5	0.3	277.3	262.2	10.2
010113	2250	3.4	0.2	2.8	0.2	0.4	0.2	277.3	262.2	10.8
010113	2300	3.5	0.2	3.0	0.2	0.4	0.2	277.5	262.2	10.6
010113	2310	3.4	0.2	3.0	0.2	0.3	0.0	277.8	262.2	10.0
010113	2320	3.1	0.2	2.4	0.4	0.8	0.5	277.9	262.2	10.0
010113	2330	3.1	0.2	2.2	0.3	0.9	0.4	278.0	262.2	10.2
010113	2340	2.9	0.2	1.7	0.4	0.3	0.0	278.0	262.2	10.1
010113	2350	2.9	0.2	1.6	0.3	0.3	0.0	278.0	262.2	10.0
010213	0000	2.6	0.1	1.5	0.4	0.4	0.2	278.0	262.2	10.0
010213	0010	2.8	0.2	1.4	0.4	0.5	0.3	278.0	262.2	9.8
010213	0020	3.3	0.2	2.0	0.3	0.3	0.0	278.2	262.2	9.7
010213	0030	3.2	0.2	1.9	0.3	0.3	0.0	278.8	262.2	9.2
010213	0040	3.0	0.2	1.8	0.3	0.3	0.0	278.9	262.2	9.1
010213	0050	3.2	0.2	2.1	0.3	0.3	0.0	278.9	262.2	9.0
010213	0100	2.9	0.2	2.3	0.2	0.3	0.0	279.0	262.2	8.6
010213	0110	2.9	0.3	1.9	0.2	0.3	0.0	279.0	262.2	8.5
010213	0120	2.9	0.2	2.1	0.2	0.3	0.0	279.0	262.2	8.6
010213	0130	3.0	0.1	1.9	0.3	0.3	0.0	279.0	262.2	8.5
010213	0140	2.6	0.2	1.1	0.5	0.3	0.0	278.9	262.2	8.1
010213	0150	2.2	0.2	0.3	0.0	0.3	0.0	278.9	262.2	8.1
010213	0200	2.0	0.3	0.3	0.0	0.3	0.0	278.9	262.1	8.0
010213	0210	1.0	0.4	0.3	0.0	0.3	0.0	278.8	262.1	7.9
010213	0220	0.3	0.1	0.3	0.0	0.3	0.0	278.8	262.1	7.9
010213	0230	0.4	0.2	0.3	0.0	0.4	0.1	278.8	262.0	8.0
010213	0240	0.6	0.5	0.4	0.2	0.3	0.0	278.7	261.8	8.0
010213	0250	0.9	0.6	0.3	0.1	0.3	0.0	278.7	261.5	7.6
010213	0300	1.1	0.6	0.3	0.0	0.5	0.3	278.7	261.6	7.0
010213	0310	1.1	0.7	0.3	0.1	0.5	0.3	278.7	261.6	6.8
010213	0320	1.6	0.4	0.9	0.6	0.3	0.1	278.8	261.9	6.7
010213	0330	1.5	0.2	2.0	0.2	0.6	0.4	278.7	262.1	7.0
010213	0340	2.1	0.2	1.3	0.5	0.3	0.0	278.8	262.1	6.8
010213	0350	2.0	0.4	0.8	0.5	0.3	0.0	278.8	262.1	7.0
010213	0400	1.3	0.5	0.3	0.0	0.3	0.0	278.8	262.1	7.1
010213	0410	0.6	0.4	0.4	0.2	0.3	0.0	278.7	262.1	6.8
010213	0420	0.4	0.2	0.3	0.0	0.3	0.0	278.7	262.1	6.6
010213	0430	0.7	0.5	0.3	0.1	0.3	0.0	278.7	262.1	6.3
010213	0440	1.6	0.2	1.4	0.3	0.3	0.0	278.7	262.1	6.2
010213	0450	1.6	0.2	0.6	0.5	0.3	0.0	278.7	262.1	5.9
010213	0500	1.7	0.2	1.1	0.5	0.3	0.0	278.8	262.1	5.8
010213	0510	1.4	0.2	0.3	0.0	0.3	0.0	278.7	262.1	6.0
010213	0520	1.2	0.2	0.3	0.0	0.3	0.0	278.7	262.1	6.0
010213	0530	1.5	0.2	0.3	0.0	0.3	0.0	278.7	262.1	6.1
010213	0540	1.3	0.2	0.3	0.0	0.3	0.0	278.8	262.1	6.1
010213	0550	1.2	0.2	0.3	0.0	0.3	0.0	278.7	262.1	6.1
010213	0600	0.5	0.3	0.3	0.0	0.4	0.1	278.7	262.1	6.1
010213	0610	0.3	0.0	0.3	0.0	0.8	0.3	278.7	261.9	6.0
010213	0620	0.3	0.0	0.3	0.0	0.3	0.0	278.7	261.6	6.0
010213	0630	0.3	0.0	0.3	0.0	0.3	0.0	278.7	261.1	5.9
010213	0640	0.3	0.0	0.3	0.0	0.3	0.0	278.7	261.1	5.6
010213	0650	0.3	0.1	0.3	0.0	0.3	0.1	278.6	261.0	5.7
010213	0700	1.5	0.4	2.1	1.0	0.8	0.4	269.9	260.8	6.3
010213	0710	1.5	0.3	1.9	0.5	0.3	0.1	195.0	260.8	6.3
010213	0720	1.3	0.2	0.3	0.0	0.3	0.0	195.0	260.9	5.5
010213	0730	1.8	0.2	0.3	0.0	0.3	0.0	194.4	261.0	4.9
010213	0740	1.9	0.2	0.3	0.0	0.3	0.0	193.7	261.2	4.9
010213	0750	1.1	0.6	0.3	0.0	0.3	0.0	193.6	261.3	4.9
010213	0800	0.8	0.4	0.3	0.0	0.3	0.0	193.6	261.3	5.3
010213	0810	1.3	0.4	0.3	0.0	0.4	0.1	193.6	261.6	5.6
010213	0820	1.8	0.3	0.3	0.0	0.3	0.0	193.4	261.8	5.7
010213	0830	1.4	0.3	0.3	0.0	0.4	0.1	193.2	261.8	5.7
010213	0840	1.3	0.3	0.3	0.0	0.4	0.1	193.1	261.8	6.1
010213	0850	1.5	0.2	0.3	0.0	0.3	0.0	193.1	261.9	6.7
010213	0900	1.6	0.2	0.3	0.0	0.3	0.0	193.0	261.9	7.5
010213	0910	1.4	0.2	0.3	0.0	0.3	0.0	193.0	261.9	8.2
010213	0920	1.5	0.2	0.3	0.0	0.3	0.0	192.3	262.0	9.0
010213	0930	0.7	0.4	0.3	0.0	0.3	0.0	115.2	262.6	9.8
010213	0940	0.3	0.0	0.3	0.0	0.3	0.0	114.0	262.6	10.6
010213	0950	0.5	0.3	0.3	0.0	0.3	0.0	114.0	262.6	11.1
010213	1000	0.4	0.2	0.3	0.0	0.3	0.0	113.9	262.9	12.0
010213	1010	0.4	0.2	0.3	0.0	0.3	0.1	113.9	263.0	12.8
010213	1020	0.4	0.2	0.3	0.0	0.3	0.0	113.7	263.0	13.9
010213	1030	0.3	0.0	0.3	0.0	0.3	0.0	113.8	263.0	14.9
010213	1040	0.3	0.0	0.3	0.0	0.3	0.0	113.7	262.9	15.5
010213	1050	0.4	0.2	0.3	0.1	0.4	0.3	113.7	263.0	16.3
010213	1100	0.5	0.3	0.5	0.4	0.4	0.2	113.7	262.6	17.0
010213	1110	0.3	0.2	0.3	0.1	0.4	0.2	113.8	262.9	17.8
010213	1120	0.4	0.2	0.3	0.2	0.4	0.2	113.4	262.9	18.7
010213	1130	0.4	0.2	0.3	0.1	0.4	0.1	113.1	263.1	19.5
010213	1140	0.3	0.1	0.4	0.3	0.4	0.2	113.1	263.0	19.9
010213	1150	0.4	0.2	0.3	0.1	0.4	0.2	113.0	262.9	20.0
010213	1200	0.4	0.2	0.3	0.1	0.3	0.0	114.6	262.8	20.5
010213	1210	0.8	0.6	0.6	0.5	0.6	0.4	149.0	262.2	20.9
010213	1220	0.5	0.3	0.5	0.4	0.8	0.5	165.7	262.1	21.0
010213	1230	0.5	0.4	0.4	0.2	0.5	0.3	133.9	262.4	21.3
010213	1240	1.3	0.6	0.9	0.6	0.8	0.5	152.4	262.3	21.7
010213	1250	1.0	0.6	0.7	0.5	0.8	0.5	133.3	262.2	22.1
010213	1300	0.5	0.4	0.4	0.3	0.5	0.3	124.8	262.2	22.1
010213	1310	1.0	0.7	0.9	0.6	0.7	0.5	200.3	262.2	22.1
010213	1320	1.3	0.6	0.8	0.7	0.8	0.6	150.3	262.2	22.7
010213	1330	1.4	0.7	1.3	0.7	1.3	0.7	179.4	261.2	23.0
010213	1340	1.6	0.7	1.4	0.8	1.2	0.7	224.0	250.2	22.8
010213	1350	0.4	0.3	0.4	0.2	0.5	0.3	217.1	216.8	23.1
010213	1400	0.4	0.3	0.3	0.1	0.3	0.0	258.8	211.5	23.4
010213	1410	0.7	0.6	0.4	0.2	0.4	0.2	240.5	211.5	23.8
010213	1420	0.5	0.4	0.5	0.4	0.5	0.4	199.7	208.3	23.9
010213	1430	1.0	0.7	0.9	0.7	0.8	0.7	137.1	188.4	24.1
010213	1440	1.7	0.5	1.3	0.6	1.1	0.5	162.1	188.1	23.8
010213	1450	0.6	0.6	0.6	0.6	0.5	0.4	161.7	188.3	24.1
010213	1500	1.1	0.6	0.9	0.6	0.7	0.5	249.7	189.1	23.9
010213	1510	0.8	0.6	0.7	0.5	0.8	0.5	224.8	189.0	23.8
010213	1520	1.9	0.5	1.5	0.7	1.2	0.7	179.6	187.5	24.0
010213	1530	2.0	0.5	1.7	0.6	1.3	0.6	184.5	181.9	24.3
010213	1540	1.6	0.6	1.5	0.6	1.1	0.6	193.7	181.2	24.5
010213	1550	1.9	0.6	1.7	0.7	1.5	0.7	197.7	194.9	24.3
010213	1600	1.4	0.5	1.1	0.5	0.7	0.5	194.1	195.4	24.4
010213	1610	1.3	0.6	0.9	0.6	0.7	0.5	206.1	195.9	24.3
010213	1620	2.0	0.8	1.5	0.9	1.1	0.7	221.2	196.0	24.4
010213	1630	1.8	0.6	1.5	0.5	1.2	0.6	229.4	196.2	23.8
010213	1640	1.8	0.4	1.4	0.6	1.1	0.5	227.4	195.9	23.9
010213	1650	1.8	0.4	1.3	0.5	0.5	0.4	226.6	195.9	23.8
010213	1700	1.8	0.6	1.4	0.8	1.0	0.6	216.0	194.4	23.1
010213	1710	2.2	0.3	1.9	0.4	1.4	0.5	178.8	183.9	22.6
010213	1720	2.0	0.4	1.3	0.4	1.1	0.3	191.8	182.9	22.2
010213	1730	2.3	0.2	2.0	0.5	1.4	0.3	190.5	181.9	21.7
010213	1740	2.3	0.2	2.1	0.2	1.6	0.2	190.4	183.1	21.4
010213	1750	2.1	0.3	2.1	0.3	1.2	0.3	188.5	184.0	21.1
010213	1800	2.3	0.3	2.1	0.3	1.5	0.3	188.3	184.4	20.8
010213	1810	3.2	0.3	3.0	0.3	1.9	0.3	189.2	188.3	20.3
010213	1820	3.4	0.2	3.3	0.2	1.9	0.3	187.8	192.5	19.9
010213	1830	3.3	0.2	3.0	0.2	1.9	0.2	195.6	191.8	19.6
010213	1840	3.2	0.2	3.0	0.2	1.9	0.2	198.5	191.8	19.2
010213	1850	3.5	0.2	2.9	0.2	1.6	0.3	198.2	191.7	18.8
010213	1900	3.7	0.3	2.8	0.2	1.0	0.4	197.0	189.0	17.7
010213	1910	4.1	0.2	3.0	0.3	0.8	0.5	201.4	194.8	17.0
010213	1920	3.8	0.2	2.7	0.2	0.3	0.0	205.0	196.5	16.1
010213	1930	3.8	0.2	2.9	0.3	0.6	0.4	203.1	192.1	15.8
010213	1940	3.9	0.3	3.0	0.3	1.3	0.3	195.7	185.8	15.9
010213	1950	4.3	0.2	2.9	0.3	0.3	0.1	199.6	191.3	15.4
010213	2000	4.2	0.2	2.4	0.2	0.3	0.0	203.3	194.1	14.5
010213	2010	4.6	0.4	2.5	0.3	0.3	0.0	202.6	194.3	14.2
010213	2020	4.4	0.3	2.3	0.3	0.3	0.0	201.3	193.7	14.0
010213	2030	4.1	0.2	2.4	0.3	0.3	0.0	199.8	189.9	13.6
010213	2040	4.2	0.3	2.7	0.2	0.3	0.0	200.9	192.7	13.7
010213	2050	4.0	0.3	2.3	0.3	0.3	0.0	203.6	189.6	13.9
010213	2100	4.1	0.3	2.1	0.2	0.3	0.0	209.3	184.8	13.9
010213	2110	4.3	0.2	1.8	0.3	0.3	0.0	213.5	185.0	13.4
010213	2120	3.1	0.4	0.4	0.3	0.3	0.0	215.9	185.0	12.4
010213	2130	2.5	0.3	0.3	0.1	0.9	0.5	228.3	185.0	11.6
010213	2140	2.0	0.3	1.3	0.4	0.4	0.2	266.1	185.1	11.6
010213	2150	2.0	0.3	0.8	0.5	0.4	0.1	272.9	185.1	11.3
010213	2200	2.2	0.2	1.2	0.3	0.3	0.0	272.9	185.1	11.3
010213	2210	2.0	0.3	0.3	0.1	0.3	0.0	272.8	185.1	11.2
010213	2220	1.7	0.2	0.3	0.0	0.3	0.0	272.8	185.1	11.4
010213	2230	1.0	0.5	0.3	0.0	0.3	0.0	272.8	185.0	11.2
010213	2240	0.3	0.0	0.3	0.0	0.3	0.0	272.8	184.5	10.9
010213	2250	0.3	0.1	0.3	0.0	0.3	0.0	272.8	184.5	10.8
010213	2300	0.9	0.4	0.3	0.0	0.3	0.0	272.8	184.5	10.7
010213	2310	0.5	0.3	0.3	0.0	0.3	0.0	272.8	184.5	10.7
010213	2320	0.9	0.4	0.3	0.0	0.3	0.0	272.8	184.5	10.8
010213	2330	1.4	0.2	0.3	0.0	0.3	0.0	272.8	184.5	10.8
010213	2340	1.5	0.2	0.3	0.1	0.3	0.0	272.8	184.5	10.6
010213	2350	0.6	0.5	0.3	0.0	0.3	0.0	272.8	184.5	10.1
010313	0000	1.4	0.4	0.3	0.0	0.3	0.0	272.8	184.5	9.7
010313	0010	1.6	0.2	0.3	0.0	0.3	0.0	272.7	184.5	9.7
010313	0020	1.8	0.2	0.3	0.0	0.6	0.4	272.7	184.5	9.7
010313	0030	2.0	0.2	0.3	0.0	0.4	0.2	273.4	184.5	9.4
010313	0040	1.9	0.2	0.9	0.6	0.5	0.3	273.9	184.5	9.2
010313	0050	1.8	0.2	1.9	0.3	0.8	0.5	274.1	184.3	9.4
010313	0100	1.8	0.1	1.6	0.2	0.4	0.2	274.1	184.1	9.5
010313	0110	1.8	0.1	1.6	0.2	0.6	0.3	274.1	184.1	9.6
010313	0120	2.1	0.2	2.3	0.3	0.8	0.4	274.7	184.0	9.7
010313	0130	2.4	0.2	3.3	0.2	1.0	0.4	276.0	183.7	9.7
010313	0140	2.5	0.2	3.5	0.2	1.0	0.4	276.7	183.6	9.6
010313	0150	2.5	0.2	3.0	0.3	1.4	0.3	276.9	183.6	9.6
010313	0200	2.7	0.3	3.0	0.2	1.0	0.5	277.1	183.6	9.8
010313	0210	2.8	0.2	2.9	0.3	1.0	0.4	277.7	183.6	9.7
010313	0220	2.8	0.2	3.0	0.4	0.8	0.4	282.8	92.1	9.7
010313	0230	3.0	0.3	2.6	0.4	0.4	0.2	20.7	29.2	9.5
010313	0240	2.3	0.6	0.4	0.3	0.8	0.6	23.6	28.3	9.4
010313	0250	2.3	0.5	0.4	0.2	0.4	0.1	24.6	28.3	9.3
010313	0300	1.5	0.7	0.6	0.5	0.3	0.0	24.5	28.5	8.9
010313	0310	1.1	0.4	0.3	0.0	0.4	0.1	24.4	28.6	8.5
010313	0320	0.3	0.1	0.6	0.5	0.8	0.4	24.4	28.4	8.4
010313	0330	0.3	0.0	0.3	0.0	0.4	0.2	24.3	27.8	8.2
010313	0340	0.3	0.0	0.3	0.0	0.5	0.3	24.3	27.8	8.3
010313	0350	0.3	0.0	0.3	0.0	0.3	0.0	24.3	27.8	8.2
010313	0400	0.3	0.0	0.3	0.0	0.3	0.0	24.3	27.8	8.1
010313	0410	0.3	0.0	0.3	0.0	0.3	0.0	24.3	27.8	7.9
010313	0420	0.3	0.0	0.3	0.0	0.3	0.0	24.3	27.8	7.7
010313	0430	0.9	0.5	0.4	0.3	1.1	0.4	24.3	27.8	7.6
010313	0440	1.1	0.5	0.6	0.4	0.9	0.4	24.3	27.8	7.5
010313	0450	0.3	0.0	0.3	0.0	1.0	0.3	24.3	27.8	7.5
010313	0500	0.3	0.0	0.3	0.0	0.4	0.2	24.3	27.8	7.5
010313	0510	0.3	0.0	0.3	0.0	0.3	0.0	24.3	27.6	7.4
010313	0520	0.3	0.0	0.7	0.4	0.3	0.0	24.3	27.6	7.3
010313	0530	0.3	0.0	0.6	0.4	0.3	0.0	24.3	27.6	7.2
010313	0540	0.3	0.0	1.3	0.2	0.5	0.3	24.3	27.6	7.2
010313	0550	1.5	0.4	2.2	0.5	0.9	0.4	23.5	22.9	7.2
010313	0600	2.4	0.3	2.9	0.3	1.7	0.4	21.5	2.1	7.0
010313	0610	2.9	0.3	3.3	0.3	1.0	0.7	19.8	342.0	6.9
010313	0620	2.9	0.2	2.4	0.4	0.3	0.0	19.2	348.5	6.9
010313	0630	3.1	0.2	3.0	0.2	0.3	0.1	19.1	348.2	6.9
010313	0640	3.2	0.3	2.1	0.3	0.3	0.0	19.0	347.8	6.8
010313	0650	3.2	0.3	2.9	0.2	0.3	0.0	18.9	347.3	6.8
010313	0700	3.5	0.2	2.9	0.2	0.3	0.0	18.5	347.1	6.7
010313	0710	3.8	0.2	3.4	0.2	0.4	0.1	339.3	346.9	6.8
010313	0720	4.2	0.2	3.5	0.3	0.4	0.3	325.9	345.2	6.8
010313	0730	4.2	0.2	3.6	0.3	0.7	0.5	322.3	345.6	6.8
010313	0740	2.8	1.4	2.5	0.9	1.4	1.4	340.5	15.6	6.9
010313	0750	2.0	0.9	2.3	0.7	1.7	0.8	133.2	157.0	7.3
010313	0800	2.9	0.7	3.2	0.4	1.7	0.5	157.1	174.6	7.6
010313	0810	2.4	0.5	2.6	0.4	0.7	0.5	164.5	187.1	7.6
010313	0820	1.6	0.6	1.5	0.4	0.3	0.0	173.1	188.9	7.7
010313	0830	1.5	0.9	0.9	0.7	0.3	0.0	174.4	188.8	8.0
010313	0840	1.1	0.7	0.3	0.0	0.3	0.0	175.0	188.6	8.4
010313	0850	0.6	0.5	0.6	0.5	0.3	0.0	174.9	188.7	8.7
010313	0900	0.8	0.5	0.6	0.5	0.3	0.0	174.9	188.9	9.1
010313	0910	2.2	1.2	1.1	0.7	0.6	0.5	184.6	188.3	9.8
010313	0920	2.1	0.6	0.7	0.5	0.5	0.3	191.8	185.2	10.4
010313	0930	1.9	0.4	0.5	0.4	0.5	0.4	193.9	184.9	10.9
010313	0940	1.8	0.4	0.6	0.4	0.4	0.2	200.9	185.2	11.5
010313	0950	1.5	0.6	0.8	0.6	0.7	0.5	200.6	185.2	12.1
010313	1000	1.8	0.4	1.4	0.7	0.9	0.6	202.6	185.4	12.4
010313	1010	1.0	0.8	0.8	0.8	0.6	0.5	204.6	185.4	13.0
010313	1020	0.9	0.7	0.6	0.5	0.6	0.4	215.3	185.4	13.7
010313	1030	1.0	0.6	0.8	0.5	0.8	0.5	215.5	185.4	14.1
010313	1040	1.0	0.6	0.9	0.5	0.9	0.6	222.2	185.4	14.4
010313	1050	0.5	0.4	0.4	0.2	0.5	0.3	222.4	185.4	15.0
010313	1100	0.3	0.0	0.3	0.0	0.3	0.0	222.4	185.3	15.9
010313	1110	0.5	0.4	0.3	0.1	0.4	0.1	224.1	185.4	16.6
010313	1120	0.4	0.2	0.3	0.0	0.3	0.0	250.6	187.8	17.3
010313	1130	1.1	0.6	0.8	0.5	0.7	0.5	232.2	187.9	17.7
010313	1140	0.8	0.6	0.9	0.6	0.9	0.6	223.3	187.9	18.1
010313	1150	1.2	0.6	1.0	0.6	0.8	0.5	213.0	190.5	18.2
010313	1200	1.3	0.6	1.2	0.6	0.9	0.6	208.1	191.0	18.5
010313	1210	1.5	0.6	1.1	0.6	0.9	0.6	214.7	190.8	18.9
010313	1220	1.5	0.6	1.3	0.7	1.1	0.6	225.8	190.9	19.0
010313	1230	1.9	0.6	1.7	0.6	1.4	0.7	205.7	190.3	19.3
010313	1240	2.1	0.6	2.0	0.6	1.8	0.6	214.6	192.4	19.5
010313	1250	2.2	0.5	1.9	0.4	1.4	0.7	223.3	226.9	19.7
010313	1300	2.3	0.5	2.0	0.7	1.7	0.5	216.4	226.8	20.0
010313	1310	2.5	0.5	2.4	0.6	2.2	0.7	248.0	245.9	20.1
010313	1320	2.6	0.6	2.4	0.5	2.1	0.7	246.7	251.6	20.3
010313	1330	2.9	0.6	2.7	0.6	2.4	0.7	244.0	256.0	20.4
010313	1340	3.3	0.5	3.1	0.6	2.5	0.7	235.8	244.1	20.8
010313	1350	3.2	0.7	3.0	0.7	2.4	0.8	232.6	238.6	21.2
010313	1400	3.1	0.8	2.9	0.7	2.7	0.7	233.5	238.9	21.1
010313	1410	3.7	0.8	3.3	0.8	2.3	0.7	222.6	231.0	21.5
010313	1420	3.8	0.6	3.4	0.6	2.5	0.7	228.6	236.2	21.7
010313	1430	4.0	0.6	3.5	0.6	2.3	0.6	221.3	227.4	21.8
010313	1440	4.1	0.5	3.6	0.6	2.5	0.7	224.9	232.5	21.8
010313	1450	4.5	0.7	4.0	0.7	2.9	0.9	224.5	230.4	22.0
010313	1500	4.4	0.6	4.0	0.8	2.4	0.8	219.6	225.6	22.2
010313	1510	4.2	0.5	3.7	0.5	2.5	0.7	225.8	233.2	22.3
010313	1520	4.3	0.7	4.0	0.6	2.4	0.6	220.9	229.7	22.2
010313	1530	4.6	0.7	4.0	0.9	2.6	0.9	224.1	233.0	22.2
010313	1540	4.3	0.6	4.0	0.6	2.4	0.8	222.9	230.1	22.1
010313	1550	4.8	0.7	4.3	0.7	2.3	0.8	219.1	224.8	22.2
010313	1600	5.2	0.6	4.7	0.7	3.0	0.8	224.9	233.8	22.0
010313	1610	4.5	0.6	3.8	0.7	2.6	0.7	225.4	235.0	21.9
010313	1620	5.9	0.5	5.2	0.6	3.2	0.8	227.2	235.9	21.8
010313	1630	5.3	0.6	4.5	0.7	2.1	0.5	217.6	223.9	21.6
010313	1640	4.5	0.4	3.7	0.6	1.7	0.5	219.8	229.1	21.4
010313	1650	4.9	0.6	4.0	0.7	2.4	0.7	227.9	233.9	21.2
010313	1700	5.2	0.4	4.2	0.6	2.5	0.6	228.1	235.5	20.8
010313	1710	5.0	0.5	4.1	0.5	2.4	0.6	232.2	238.7	20.5
010313	1720	5.0	0.4	3.9	0.4	2.2	0.5	230.9	237.3	20.2
010313	1730	5.2	0.3	4.2	0.4	2.6	0.4	234.5	242.9	19.8
010313	1740	5.1	0.3	4.0	0.3	2.2	0.4	234.7	241.1	19.5
010313	1750	5.5	0.4	4.4	0.4	2.5	0.5	236.2	243.4	19.1
010313	1800	5.4	0.3	4.3	0.3	2.4	0.4	236.0	243.5	18.7
010313	1810	5.4	0.2	4.1	0.2	1.4	0.6	233.6	238.3	18.4
010313	1820	5.6	0.2	4.1	0.3	1.0	0.5	234.4	237.5	18.1
010313	1830	5.6	0.2	4.1	0.2	1.4	0.5	236.2	239.4	17.8
010313	1840	6.0	0.2	4.5	0.2	1.5	0.5	239.3	241.8	17.6
010313	1850	6.0	0.2	4.6	0.2	1.1	0.5	237.8	238.3	17.3
010313	1900	6.2	0.2	4.6	0.2	1.3	0.6	238.1	235.5	17.1
010313	1910	6.3	0.2	4.8	0.2	1.8	0.6	238.6	235.9	16.7
010313	1920	6.7	0.2	4.9	0.3	2.0	0.6	236.5	238.5	16.4
010313	1930	6.8	0.2	4.9	0.2	2.4	0.4	238.0	241.1	16.1
010313	1940	6.8	0.2	5.0	0.2	1.7	0.6	236.6	240.7	16.0
010313	1950	6.7	0.3	4.8	0.3	1.8	0.5	235.7	239.5	15.7
010313	2000	6.3	0.3	4.5	0.3	1.7	0.6	234.4	235.9	15.4
010313	2010	6.0	0.4	4.2	0.3	2.3	0.3	242.1	244.8	14.9
010313	2020	5.3	0.4	3.9	0.3	2.1	0.4	247.4	253.7	14.3
010313	2030	5.0	0.3	3.6	0.3	2.1	0.2	254.3	260.7	13.7
010313	2040	5.3	0.3	3.8	0.3	2.2	0.2	250.0	260.3	14.0
010313	2050	5.1	0.3	3.7	0.3	2.1	0.3	246.5	255.0	14.2
010313	2100	5.1	0.2	3.7	0.3	2.1	0.3	247.0	251.2	14.0
010313	2110	5.1	0.3	3.5	0.2	2.0	0.2	250.9	251.7	13.7
010313	2120	5.1	0.3	3.5	0.2	2.0	0.3	249.6	254.9	13.7
010313	2130	4.6	0.3	3.0	0.3	1.6	0.2	257.0	255.2	13.2
010313	2140	4.7	0.3	3.2	0.2	1.7	0.2	254.9	255.1	12.8
010313	2150	5.1	0.4	3.5	0.4	1.8	0.4	252.5	255.1	12.5
010313	2200	5.9	0.3	4.0	0.3	2.2	0.3	253.1	255.7	12.7
010313	2210	5.7	0.3	3.9	0.3	2.3	0.3	247.7	253.5	12.8
010313	2220	5.8	0.7	4.1	0.5	2.3	0.6	247.3	253.7	12.9
010313	2230	6.0	0.4	4.4	0.4	2.7	0.3	251.0	257.3	12.5
010313	2240	6.1	0.4	4.3	0.4	2.7	0.3	252.0	257.9	12.4
010313	2250	6.5	0.5	4.8	0.4	3.1	0.3	253.6	259.4	12.5
010313	2300	6.6	0.5	5.0	0.4	3.3	0.4	254.5	259.6	12.6
010313	2310	6.7	0.4	5.3	0.4	3.8	0.4	255.1	259.9	12.7
010313	2320	6.2	0.5	5.0	0.4	3.4	0.4	256.5	262.2	12.6
010313	2330	6.1	0.5	4.9	0.4	3.4	0.4	253.6	258.7	12.4
010313	2340	5.5	0.4	4.5	0.4	3.0	0.4	248.5	252.8	12.2
010313	2350	5.5	0.5	4.4	0.4	2.9	0.4	251.1	256.3	12.1
010413	0000	5.1	0.4	3.9	0.3	2.5	0.3	254.8	263.1	11.8
010413	0010	4.9	0.3	3.8	0.3	2.6	0.3	253.9	261.6	11.5
010413	0020	4.7	0.3	3.5	0.4	2.0	0.3	256.0	261.6	11.3
010413	0030	5.4	0.4	4.2	0.4	2.3	0.3	257.9	264.1	11.1
010413	0040	5.2	0.4	3.9	0.4	2.2	0.3	256.5	265.0	10.9
010413	0050	4.7	0.4	3.5	0.4	1.7	0.3	258.5	263.2	10.6
010413	0100	4.4	0.4	3.1	0.3	1.8	0.2	259.8	263.9	10.5
010413	0110	4.8	0.4	3.5	0.3	2.1	0.2	259.7	264.1	10.5
010413	0120	5.1	0.2	3.8	0.2	2.2	0.3	264.7	265.8	10.3
010413	0130	4.8	0.3	3.4	0.3	2.0	0.3	266.0	266.0	10.1
010413	0140	4.5	0.2	3.2	0.2	1.8	0.3	264.6	265.9	10.1
010413	0150	4.7	0.3	3.2	0.2	1.5	0.2	270.5	266.2	9.9
010413	0200	4.5	0.3	3.0	0.3	1.4	0.2	268.6	266.3	9.8
010413	0210	4.1	0.3	2.7	0.2	1.0	0.4	270.1	266.3	9.8
010413	0220	4.3	0.2	3.0	0.2	1.6	0.2	276.4	266.5	9.8
010413	0230	4.3	0.2	3.0	0.2	1.5	0.2	272.8	266.5	9.7
010413	0240	4.1	0.2	2.8	0.2	1.4	0.2	266.8	266.2	9.6
010413	0250	3.8	0.2	2.6	0.2	1.4	0.3	260.2	265.7	9.6
010413	0300	3.9	0.2	2.7	0.2	1.2	0.3	259.2	265.7	9.3
010413	0310	4.1	0.1	2.9	0.2	1.1	0.4	260.4	266.2	9.1
010413	0320	4.3	0.2	3.1	0.2	1.5	0.2	260.7	266.4	9.1
010413	0330	4.3	0.2	3.1	0.2	1.6	0.2	261.0	266.4	8.9
010413	0340	4.3	0.2	2.8	0.2	1.1	0.4	261.1	266.4	8.8
010413	0350	4.1	0.2	2.5	0.2	0.4	0.1	261.2	266.4	8.7
010413	0400	3.8	0.2	2.1	0.2	0.3	0.0	261.2	266.4	8.6
010413	0410	3.8	0.2	2.2	0.3	0.3	0.0	261.2	266.4	8.4
010413	0420	3.8	0.2	2.1	0.3	0.5	0.4	261.2	266.4	8.3
010413	0430	4.7	0.3	3.0	0.3	1.6	0.2	261.2	266.4	8.3
010413	0440	4.7	0.2	2.9	0.2	1.3	0.3	261.3	266.4	8.2
010413	0450	4.1	0.2	2.4	0.2	1.0	0.3	261.3	266.4	8.1
010413	0500	3.9	0.2	2.4	0.2	0.8	0.3	261.2	266.4	7.9
010413	0510	4.1	0.2	2.4	0.2	0.6	0.4	261.2	266.4	7.7
010413	0520	4.0	0.2	2.6	0.2	1.2	0.3	261.2	266.4	7.6
010413	0530	3.8	0.1	2.5	0.2	0.8	0.4	261.2	266.4	7.7
010413	0540	3.7	0.2	2.4	0.2	0.7	0.4	261.2	266.4	7.6
010413	0550	3.2	0.2	2.1	0.2	0.3	0.0	261.2	266.4	7.4
010413	0600	3.0	0.2	1.9	0.2	0.3	0.0	261.2	266.3	7.4
010413	0610	3.0	0.2	2.3	0.2	0.3	0.0	261.2	266.3	7.3
010413	0620	3.6	0.2	2.7	0.2	0.8	0.4	261.4	266.4	6.3
010413	0630	3.6	0.2	2.6	0.2	1.2	0.2	261.4	266.4	5.5
010413	0640	3.2	0.2	2.0	0.2	0.4	0.2	261.3	266.4	5.7
010413	0650	2.9	0.3	1.8	0.2	0.3	0.1	261.3	266.3	5.9
010413	0700	2.5	0.2	1.7	0.3	0.3	0.0	261.2	265.9	6.0
010413	0710	3.0	0.4	1.4	0.4	0.3	0.1	261.2	265.7	6.1
010413	0720	3.7	0.3	0.8	0.5	0.4	0.3	261.2	265.8	5.9
010413	0730	4.1	0.3	1.3	0.4	0.9	0.5	261.3	266.0	5.7
010413	0740	3.6	0.5	1.6	0.3	1.2	0.4	259.7	265.9	5.5
010413	0750	2.9	0.3	2.2	0.3	1.8	0.4	249.0	265.5	5.7
010413	0800	2.5	0.4	1.9	0.4	1.4	0.5	238.4	265.4	5.9
010413	0810	2.3	0.4	2.0	0.5	1.7	0.7	240.4	265.4	5.9
010413	0820	1.7	0.4	1.0	0.5	0.6	0.4	231.5	265.4	6.1
010413	0830	1.5	0.5	1.1	0.6	0.9	0.5	231.8	265.4	6.3
010413	0840	2.3	0.5	1.9	0.6	1.0	0.6	223.6	265.3	6.3
010413	0850	2.4	0.4	2.1	0.5	1.2	0.7	218.2	265.2	6.5
010413	0900	2.2	0.4	2.0	0.5	1.6	0.6	231.4	265.3	6.7
010413	0910	1.9	0.4	1.6	0.5	0.9	0.6	232.9	265.3	6.8
010413	0920	1.4	0.4	1.0	0.6	0.9	0.6	234.7	265.3	7.0
010413	0930	0.9	0.5	0.5	0.3	0.7	0.5	233.2	265.3	7.0
010413	0940	1.0	0.5	0.5	0.4	0.6	0.5	232.7	265.3	6.9
010413	0950	1.2	0.5	0.6	0.5	0.6	0.4	227.8	265.3	6.9
010413	1000	1.4	0.5	1.0	0.6	1.3	0.6	216.8	265.3	7.0
010413	1010	1.8	0.5	1.5	0.5	1.1	0.6	216.2	264.9	7.0
010413	1020	2.3	0.3	1.6	0.5	1.3	0.7	216.7	248.8	7.2
010413	1030	2.4	0.4	2.1	0.5	2.0	0.7	226.4	238.1	7.2
010413	1040	2.6	0.4	2.2	0.7	1.5	0.8	222.0	225.6	7.3
010413	1050	1.8	0.6	1.4	0.8	1.3	0.7	222.5	243.5	7.8
010413	1100	2.0	0.4	1.8	0.6	1.9	0.5	242.4	246.2	7.7
010413	1110	1.6	0.8	1.2	0.8	1.5	0.8	225.7	245.5	8.0
010413	1120	1.4	0.7	1.3	0.6	1.5	0.7	235.4	232.7	8.2
010413	1130	1.5	0.6	1.0	0.8	1.2	0.8	241.9	231.3	8.5
010413	1140	1.4	0.7	0.9	0.7	1.0	0.6	239.9	231.2	9.0
010413	1150	1.9	0.5	1.6	0.5	1.4	0.7	243.9	224.9	9.4
010413	1200	2.2	0.4	1.6	0.5	1.8	0.4	247.1	214.4	9.9
010413	1210	2.2	0.5	1.9	0.5	1.9	0.5	250.7	214.8	10.4
010413	1220	1.8	0.5	1.6	0.5	1.3	0.7	253.4	214.9	10.8
010413	1230	2.0	0.4	1.9	0.5	1.7	0.5	265.2	215.0	11.5
010413	1240	2.2	0.4	2.1	0.4	1.9	0.6	260.4	215.2	12.9
010413	1250	1.9	0.4	1.8	0.5	1.7	0.6	255.2	215.1	13.9
010413	1300	1.9	0.5	1.8	0.6	1.5	0.7	248.2	215.2	14.6
010413	1310	2.1	0.4	1.9	0.5	1.6	0.7	246.6	215.3	15.2
010413	1320	2.2	0.5	2.1	0.4	1.7	0.5	237.3	215.2	15.7
010413	1330	2.1	0.4	2.0	0.6	1.9	0.6	240.8	215.1	16.2
010413	1340	2.7	0.4	2.4	0.7	2.0	0.7	215.2	222.8	16.8
010413	1350	2.8	0.4	2.5	0.5	1.9	0.5	216.6	228.1	17.5
010413	1400	2.9	0.6	2.8	0.7	2.5	0.8	231.5	237.2	17.3
010413	1410	2.8	0.6	2.7	0.6	2.1	0.8	231.4	229.3	17.4
010413	1420	2.8	0.6	2.4	0.6	2.1	0.6	228.8	233.1	17.9
010413	1430	3.1	0.4	2.9	0.6	2.6	0.6	240.4	251.2	17.9
010413	1440	3.2	0.5	3.0	0.6	2.7	0.8	231.0	242.9	18.2
010413	1450	2.7	0.6	2.7	0.7	2.2	0.7	225.3	235.5	18.5
010413	1500	3.1	0.6	2.6	0.7	2.1	0.7	223.9	236.9	18.8
010413	1510	3.8	0.6	3.5	0.6	3.0	0.9	230.4	240.7	18.8
010413	1520	4.4	0.7	4.0	0.7	2.6	1.0	217.7	226.2	19.0
010413	1530	3.9	0.7	3.6	0.7	2.8	0.8	225.3	232.1	19.2
010413	1540	4.1	0.6	3.6	0.9	2.1	0.6	219.5	227.9	19.3
010413	1550	4.7	0.5	4.1	0.7	2.9	0.9	226.0	233.2	19.0
010413	1600	4.5	0.5	4.2	0.7	2.8	0.9	232.5	237.8	18.8
010413	1610	4.9	0.5	4.4	0.6	3.3	0.8	232.3	240.1	18.6
010413	1620	4.4	0.5	4.1	0.5	3.4	0.7	233.3	243.2	18.4
010413	1630	3.9	0.5	3.5	0.6	2.5	0.6	229.6	238.0	18.4
010413	1640	4.1	0.6	4.0	0.7	3.4	0.6	244.7	253.6	18.1
010413	1650	4.8	0.4	4.6	0.4	3.9	0.5	249.4	258.2	17.7
010413	1700	4.6	0.3	4.3	0.4	3.7	0.5	248.1	255.0	17.4
010413	1710	3.7	0.6	3.5	0.7	2.9	0.6	245.6	251.8	17.0
010413	1720	4.0	0.4	3.6	0.3	2.9	0.4	249.1	245.8	16.7
010413	1730	4.0	0.3	3.4	0.3	2.5	0.3	247.6	245.8	16.2
010413	1740	3.9	0.3	3.2	0.3	2.2	0.3	249.6	245.9	15.8
010413	1750	3.9	0.2	3.2	0.2	2.2	0.2	252.8	245.9	15.4
010413	1800	4.2	0.2	3.5	0.3	2.3	0.2	260.7	263.0	14.7
010413	1810	4.4	0.2	3.5	0.3	2.1	0.3	258.3	265.3	14.3
010413	1820	4.3	0.3	3.3	0.3	2.0	0.3	257.3	265.2	14.1
010413	1830	5.1	0.3	4.0	0.2	2.4	0.4	253.6	265.0	14.0
010413	1840	5.3	0.3	4.1	0.3	2.6	0.2	256.8	260.6	13.7
010413	1850	5.0	0.3	3.7	0.3	2.4	0.3	254.6	259.7	13.5
010413	1900	5.1	0.2	3.9	0.3	2.5	0.4	249.7	255.8	13.3
010413	1910	5.2	0.3	4.1	0.3	2.5	0.3	248.9	252.0	12.9
010413	1920	5.2	0.3	4.0	0.3	2.5	0.3	250.0	255.5	12.3
010413	1930	5.5	0.3	4.2	0.3	2.8	0.2	249.8	258.3	11.8
010413	1940	4.9	0.3	3.9	0.3	2.5	0.3	244.6	252.3	11.6
010413	1950	4.8	0.3	3.7	0.3	2.4	0.3	245.5	250.5	11.3
010413	2000	5.0	0.3	3.9	0.3	2.4	0.3	249.0	253.0	10.9
010413	2010	5.2	0.4	4.0	0.3	2.7	0.3	248.4	257.3	10.6
010413	2020	4.9	0.3	3.9	0.3	2.6	0.3	250.1	258.1	10.2
010413	2030	4.9	0.4	4.0	0.4	2.6	0.4	247.3	253.3	10.0
010413	2040	5.3	0.4	4.5	0.4	3.2	0.5	244.3	248.9	10.0
010413	2050	5.4	0.3	4.5	0.3	3.3	0.4	242.8	248.7	9.8
010413	2100	4.6	0.4	3.7	0.4	2.3	0.6	239.8	248.5	9.4
010413	2110	5.1	0.4	4.1	0.3	1.8	0.5	231.3	234.9	9.2
010413	2120	4.9	0.6	3.7	0.7	2.4	0.5	231.3	238.9	9.0
010413	2130	5.2	0.4	4.0	0.4	2.6	0.5	234.5	240.9	8.7
010413	2140	5.0	0.4	3.6	0.6	1.6	0.6	227.6	230.5	8.5
010413	2150	5.0	0.3	3.8	0.4	2.1	0.6	232.1	235.7	8.4
010413	2200	4.6	0.4	3.6	0.4	2.4	0.4	237.1	243.9	8.1
010413	2210	4.4	0.3	3.5	0.3	2.2	0.5	234.6	242.9	7.8
010413	2220	4.0	0.3	3.3	0.4	2.2	0.5	232.6	243.2	7.6
010413	2230	4.0	0.3	3.1	0.4	2.0	0.4	234.1	242.9	7.3
010413	2240	4.5	0.4	3.8	0.4	2.8	0.4	239.4	247.8	7.1
010413	2250	4.3	0.4	3.7	0.5	2.9	0.5	245.1	252.4	7.0
010413	2300	4.5	0.4	3.7	0.4	2.5	0.4	245.0	250.2	6.9
010413	2310	4.2	0.4	3.5	0.4	2.5	0.4	245.4	251.2	6.7
010413	2320	4.7	0.4	3.8	0.3	2.9	0.4	246.8	253.1	6.7
010413	2330	3.9	0.4	3.1	0.3	2.3	0.4	254.0	255.7	6.6
010413	2340	4.3	0.3	3.5	0.3	2.5	0.4	261.0	265.4	6.5
010413	2350	3.9	0.3	3.0	0.3	2.1	0.3	270.0	268.5	6.3
010513	0000	3.4	0.4	2.6	0.4	1.8	0.3	270.4	269.6	6.2
010513	0010	2.8	0.3	2.2	0.3	1.3	0.5	273.8	269.7	6.0
010513	0020	2.8	0.3	2.6	0.4	2.1	0.5	276.9	279.3	6.0
010513	0030	2.5	0.3	2.5	0.3	2.3	0.4	284.2	283.3	6.0
010513	0040	2.5	0.2	2.5	0.3	2.5	0.3	284.7	286.5	5.9
010513	0050	2.1	0.3	2.0	0.3	1.8	0.4	285.0	286.3	5.9
010513	0100	2.4	0.4	2.2	0.4	2.0	0.5	277.7	286.0	6.0
010513	0110	2.3	0.3	2.3	0.4	2.0	0.5	258.7	285.7	5.9
010513	0120	2.0	0.4	1.9	0.4	1.7	0.6	263.4	285.9	5.9
010513	0130	1.9	0.3	2.0	0.5	2.0	0.6	263.9	285.7	5.8
010513	0140	2.2	0.4	2.2	0.4	1.9	0.4	283.4	286.2	5.9
010513	0150	2.0	0.6	1.9	0.5	1.5	0.6	289.7	286.0	5.9
010513	0200	2.1	0.4	1.9	0.4	1.7	0.5	271.5	285.8	5.9
010513	0210	2.3	0.3	2.2	0.4	1.9	0.5	280.4	286.4	5.9
010513	0220	2.3	0.4	2.0	0.6	1.8	0.8	294.6	286.7	5.8
010513	0230	2.2	0.4	2.0	0.4	1.7	0.6	304.1	286.8	5.9
010513	0240	2.4	0.5	2.3	0.4	2.0	0.4	297.6	286.8	5.9
010513	0250	1.6	0.3	1.3	0.5	1.2	0.7	288.7	286.2	5.9
010513	0300	0.7	0.5	0.3	0.2	0.4	0.3	288.6	286.1	5.9
010513	0310	0.3	0.0	0.3	0.0	0.3	0.0	288.5	286.0	6.0
010513	0320	0.3	0.1	0.3	0.0	0.4	0.2	288.5	286.1	6.1
010513	0330	0.6	0.4	0.4	0.2	0.6	0.4	288.5	286.0	6.1
010513	0340	0.8	0.5	0.7	0.4	0.9	0.5	288.4	286.0	6.0
010513	0350	0.4	0.3	0.4	0.3	0.6	0.5	288.3	286.0	6.0
010513	0400	0.3	0.0	0.3	0.0	0.3	0.0	288.4	286.0	6.0
010513	0410	0.3	0.0	0.3	0.0	0.3	0.0	288.4	286.0	6.1
010513	0420	0.9	0.5	0.6	0.5	1.0	0.6	276.3	286.0	6.1
010513	0430	0.4	0.2	0.3	0.0	0.4	0.2	269.9	285.9	5.9
010513	0440	0.8	0.6	0.6	0.5	0.5	0.4	268.5	285.9	6.0
010513	0450	1.6	0.9	1.4	0.9	1.4	0.7	257.7	285.7	6.0
010513	0500	1.4	1.0	1.3	0.9	1.3	0.8	235.3	285.7	5.8
010513	0510	0.8	0.5	0.5	0.4	0.5	0.3	235.2	285.9	5.8
010513	0520	2.1	0.5	1.8	0.7	1.7	0.6	231.0	285.7	5.8
010513	0530	0.9	0.6	0.5	0.4	0.4	0.2	229.1	285.7	5.7
010513	0540	1.4	0.6	0.8	0.6	0.9	0.6	230.6	285.7	5.8
010513	0550	0.7	0.5	0.3	0.1	0.6	0.4	231.1	285.8	5.8
010513	0600	1.1	0.5	0.4	0.3	0.8	0.4	231.0	285.8	5.8
010513	0610	1.4	0.6	1.0	0.6	1.3	0.6	232.6	285.7	5.8
010513	0620	0.7	0.6	0.6	0.5	1.3	0.5	232.5	285.8	5.7
010513	0630	1.0	0.5	0.5	0.4	0.8	0.5	233.2	285.8	5.6
010513	0640	1.4	0.7	0.9	0.7	1.2	0.6	233.3	285.9	5.6
010513	0650	1.3	0.6	0.8	0.6	1.2	0.5	233.4	286.1	5.6
010513	0700	1.4	0.4	0.6	0.4	1.1	0.4	233.4	286.1	5.5
010513	0710	1.3	0.6	1.2	0.5	1.4	0.4	233.3	285.8	5.5
010513	0720	1.6	0.4	0.9	0.5	1.2	0.6	232.5	285.7	5.5
010513	0730	1.6	0.4	1.1	0.6	0.8	0.5	232.1	285.7	5.5
010513	0740	1.3	0.5	0.6	0.4	0.5	0.4	231.8	285.7	5.4
010513	0750	1.4	0.4	0.5	0.4	0.5	0.3	231.8	285.7	5.4
010513	0800	0.6	0.4	0.3	0.0	0.4	0.2	231.9	285.7	5.4
010513	0810	0.3	0.1	0.3	0.0	0.3	0.0	232.1	285.7	5.5
010513	0820	0.3	0.1	0.3	0.0	0.4	0.2	232.1	285.7	5.5
010513	0830	0.8	0.5	0.6	0.5	0.7	0.6	231.8	285.7	5.4
010513	0840	0.3	0.0	0.3	0.0	0.3	0.0	231.9	285.8	5.5
010513	0850	0.3	0.0	0.3	0.0	0.3	0.0	232.3	285.9	5.5
010513	0900	0.3	0.1	0.3	0.0	0.3	0.0	232.4	285.9	5.5
010513	0910	0.3	0.0	0.3	0.0	0.3	0.0	232.6	286.0	5.7
010513	0920	0.3	0.0	0.3	0.0	0.3	0.0	232.6	286.0	5.7
010513	0930	0.3	0.0	0.3	0.0	0.3	0.0	232.5	286.0	5.8
010513	0940	0.4	0.2	0.3	0.0	0.3	0.0	232.3	285.9	5.9
010513	0950	0.3	0.0	0.3	0.0	0.6	0.4	232.1	285.8	6.0
010513	1000	0.3	0.0	0.3	0.0	0.3	0.1	232.1	285.9	6.0
010513	1010	0.3	0.1	0.3	0.0	0.3	0.0	232.1	285.8	6.1
010513	1020	1.2	0.8	0.7	0.6	0.8	0.6	173.4	285.6	6.2
010513	1030	0.8	0.6	0.4	0.2	0.6	0.4	151.2	285.6	6.2
010513	1040	1.0	0.7	0.5	0.5	0.7	0.6	173.0	225.9	6.4
010513	1050	0.4	0.3	0.4	0.2	0.4	0.3	177.2	204.0	6.4
010513	1100	0.3	0.0	0.3	0.1	0.3	0.0	178.6	204.8	6.5
010513	1110	0.3	0.0	0.3	0.0	0.4	0.1	178.5	204.8	6.6
010513	1120	0.3	0.0	0.3	0.0	0.4	0.1	178.5	204.8	6.8
010513	1130	0.4	0.3	0.3	0.1	0.4	0.2	177.3	204.7	6.8
010513	1140	0.4	0.2	0.5	0.4	0.8	0.7	176.8	203.8	6.8
010513	1150	0.3	0.0	0.3	0.0	0.3	0.0	176.8	203.8	7.1
010513	1200	0.5	0.4	0.3	0.1	0.4	0.3	176.9	204.1	7.2
010513	1210	0.3	0.0	0.3	0.0	0.4	0.2	177.1	204.2	7.2
010513	1220	0.4	0.2	0.3	0.0	0.4	0.1	183.4	204.8	7.3
010513	1230	0.5	0.4	0.4	0.3	0.5	0.5	212.3	208.6	7.3
010513	1240	0.4	0.3	0.3	0.2	0.4	0.2	213.3	217.8	7.6
010513	1250	1.2	0.7	0.7	0.6	0.9	0.6	182.9	211.6	8.0
010513	1300	0.3	0.0	0.3	0.0	0.4	0.1	165.1	204.5	8.3
010513	1310	0.3	0.0	0.3	0.0	0.3	0.0	165.2	204.5	8.8
010513	1320	0.4	0.3	0.3	0.0	0.4	0.1	164.6	204.6	9.3
010513	1330	0.4	0.3	0.3	0.1	0.5	0.4	149.5	204.4	9.5
010513	1340	0.7	0.5	0.5	0.4	0.7	0.5	89.2	204.1	9.7
010513	1350	1.2	0.6	0.7	0.6	1.1	0.6	113.1	203.7	10.0
010513	1400	1.1	0.6	0.5	0.4	0.7	0.5	122.2	182.7	10.7
010513	1410	0.8	0.6	0.4	0.3	0.6	0.4	135.7	142.5	11.0
010513	1420	0.4	0.3	0.3	0.1	0.4	0.3	148.5	146.4	11.9
010513	1430	0.8	0.6	0.5	0.5	0.6	0.5	136.4	146.0	12.1
010513	1440	0.8	0.6	0.7	0.5	0.6	0.5	135.8	147.8	12.1
010513	1450	1.1	0.7	1.0	0.7	0.9	0.7	144.5	156.6	12.4
010513	1500	1.3	0.5	0.9	0.6	0.8	0.5	144.3	163.9	12.4
010513	1510	1.7	0.5	1.5	0.6	1.4	0.6	136.6	166.4	12.5
010513	1520	1.2	0.6	0.6	0.5	0.5	0.4	184.0	178.7	13.1
010513	1530	1.2	0.7	1.0	0.7	0.9	0.6	187.2	190.6	13.4
010513	1540	1.3	0.7	0.9	0.6	0.8	0.6	166.8	198.2	13.1
010513	1550	1.1	0.6	0.8	0.6	0.8	0.6	184.0	199.1	13.2
010513	1600	1.4	0.7	1.2	0.6	1.0	0.6	148.8	198.5	13.2
010513	1610	1.6	0.5	1.6	0.4	1.3	0.5	135.7	198.3	13.1
010513	1620	1.1	0.5	1.0	0.6	0.8	0.6	133.4	198.3	13.0
010513	1630	1.6	0.4	1.3	0.4	1.0	0.5	133.3	198.3	13.1
010513	1640	1.8	0.4	1.5	0.6	1.2	0.7	140.5	198.3	12.9
010513	1650	1.8	0.4	1.5	0.5	1.1	0.5	145.3	198.3	12.8
010513	1700	1.7	0.3	1.4	0.5	0.7	0.5	143.9	198.2	12.6
010513	1710	1.5	0.3	1.1	0.5	0.6	0.4	144.1	198.2	12.6
010513	1720	1.5	0.4	1.2	0.4	0.7	0.4	144.2	198.2	12.4
010513	1730	0.6	0.4	0.3	0.1	0.3	0.1	144.1	198.2	12.3
010513	1740	0.3	0.0	0.3	0.0	0.3	0.0	144.1	198.3	12.1
010513	1750	0.3	0.0	0.3	0.0	0.3	0.0	144.1	198.4	11.8
010513	1800	0.4	0.3	0.3	0.0	0.3	0.0	144.1	198.4	11.5
010513	1810	0.3	0.0	0.3	0.0	0.3	0.0	144.1	198.4	11.2
010513	1820	0.3	0.0	0.3	0.0	0.3	0.0	144.1	198.4	10.9
010513	1830	0.3	0.0	0.3	0.0	0.3	0.0	144.1	198.4	10.3
010513	1840	0.3	0.0	0.3	0.0	0.3	0.0	144.1	198.3	9.9
010513	1850	0.3	0.0	0.3	0.0	0.3	0.0	144.1	198.3	9.7
010513	1900	0.4	0.3	0.3	0.0	0.3	0.0	144.1	198.3	9.4
010513	1910	1.2	0.3	0.8	0.5	0.5	0.3	144.1	198.4	9.3
010513	1920	1.3	0.2	1.2	0.2	0.5	0.3	144.1	198.3	9.2
010513	1930	1.0	0.4	0.6	0.3	0.4	0.2	144.1	198.3	9.3
010513	1940	1.2	0.5	0.8	0.7	1.0	0.5	144.1	198.3	9.2
010513	1950	2.0	0.3	1.9	0.2	1.4	0.2	143.9	198.2	9.3
010513	2000	1.8	0.2	1.9	0.2	0.9	0.4	143.7	198.2	9.0
010513	2010	1.3	0.2	1.7	0.2	1.2	0.2	143.8	198.2	8.8
010513	2020	1.6	0.2	1.8	0.1	0.7	0.4	143.7	198.2	8.7
010513	2030	1.6	0.2	1.8	0.2	0.3	0.0	143.8	198.2	8.1
010513	2040	1.8	0.1	1.9	0.2	0.3	0.0	143.7	198.2	8.0
010513	2050	1.7	0.2	1.8	0.2	0.3	0.0	143.8	198.2	7.5
010513	2100	1.7	0.6	1.6	0.7	0.6	0.8	145.6	200.5	7.1
010513	2110	4.3	0.7	3.9	0.7	2.5	0.8	251.3	265.1	6.9
010513	2120	3.0	0.3	2.5	0.4	0.8	0.5	239.5	258.3	7.3
010513	2130	3.1	0.3	2.6	0.3	0.6	0.4	238.2	258.2	7.4
010513	2140	2.9	0.3	2.3	0.3	1.0	0.5	221.3	244.9	7.4
010513	2150	2.6	0.5	2.3	0.3	0.3	0.0	222.2	219.2	7.0
010513	2200	2.8	0.7	2.6	0.4	0.3	0.0	222.4	220.3	6.7
010513	2210	2.3	0.2	2.3	0.2	0.3	0.0	222.7	220.9	6.4
010513	2220	2.5	0.4	2.5	0.3	0.4	0.2	222.7	221.0	6.4
010513	2230	3.4	0.5	3.5	0.3	1.5	0.4	222.9	234.1	6.4
010513	2240	4.3	0.3	3.6	0.2	1.9	0.3	226.5	241.2	6.6
010513	2250	4.5	0.2	3.6	0.2	2.0	0.3	244.2	241.4	6.7
010513	2300	4.2	0.2	3.1	0.2	1.8	0.2	244.5	241.4	6.7
010513	2310	3.9	0.3	3.0	0.4	1.8	0.4	248.5	244.3	6.6
010513	2320	3.5	0.5	3.4	0.5	2.8	0.5	256.7	258.1	6.8
010513	2330	2.9	0.3	3.1	0.3	2.9	0.4	253.3	258.9	6.7
010513	2340	3.0	0.3	3.0	0.3	2.8	0.5	263.8	258.7	6.7
010513	2350	3.2	0.4	3.1	0.4	2.8	0.5	269.6	265.2	6.7
010613	0000	3.2	0.4	3.1	0.4	2.7	0.4	266.0	269.0	6.6
010613	0010	2.8	0.4	2.3	0.7	2.1	0.6	260.3	265.5	6.8
010613	0020	2.4	0.3	1.8	0.6	1.7	0.5	254.6	264.7	6.9
010613	0030	2.4	0.3	1.9	0.4	1.8	0.3	251.2	264.4	6.9
010613	0040	2.7	0.3	2.3	0.4	2.1	0.5	266.0	265.3	7.0
010613	0050	2.7	0.3	2.2	0.5	2.2	0.5	254.7	263.5	7.0
010613	0100	3.3	0.3	2.8	0.5	2.3	0.6	241.9	242.3	7.0
010613	0110	3.1	0.4	2.6	0.5	2.1	0.6	246.0	255.9	7.0
010613	0120	3.2	0.4	2.7	0.5	2.4	0.5	251.5	255.2	7.1
010613	0130	3.4	0.5	2.9	0.5	2.7	0.4	244.7	254.8	7.2
010613	0140	3.3	0.5	3.0	0.6	2.8	0.7	243.0	246.9	7.1
010613	0150	3.2	0.6	2.8	0.5	2.7	0.5	250.5	251.3	7.3
010613	0200	3.1	0.5	2.6	0.7	2.5	0.6	255.6	265.5	7.3
010613	0210	3.9	0.5	3.6	0.5	3.3	0.6	267.9	276.5	7.2
010613	0220	3.1	0.4	2.5	0.8	2.2	1.0	240.4	254.3	7.1
010613	0230	3.1	0.7	2.5	0.9	2.4	0.9	261.0	250.9	7.2
010613	0240	3.6	0.5	3.3	0.5	3.0	0.4	256.3	265.9	7.1
010613	0250	3.1	0.4	2.8	0.5	2.6	0.5	252.3	256.8	7.1
010613	0300	3.2	0.5	2.9	0.5	2.6	0.5	270.4	271.8	7.0
010613	0310	3.0	0.3	2.7	0.5	2.7	0.5	266.7	266.0	6.9
010613	0320	3.2	0.3	2.8	0.4	2.6	0.4	269.5	266.6	6.9
010613	0330	2.4	0.6	1.9	0.7	2.0	0.8	248.9	264.9	6.9
010613	0340	2.3	0.5	1.4	0.7	1.3	0.9	238.7	249.9	6.9
010613	0350	2.5	0.5	1.8	0.6	1.7	0.6	242.2	243.3	7.0
010613	0400	3.3	0.5	2.9	0.7	2.7	0.8	259.7	263.9	6.9
010613	0410	2.7	0.4	2.3	0.6	2.2	0.7	246.7	259.4	6.8
010613	0420	2.5	0.6	1.8	0.8	1.5	0.6	243.6	235.8	6.8
010613	0430	2.0	0.5	1.4	0.6	1.4	0.7	242.1	243.1	6.8
010613	0440	2.0	0.8	1.3	0.8	0.8	0.6	238.2	242.7	6.8
010613	0450	2.3	0.6	1.4	0.8	0.8	0.6	214.3	242.4	6.7
010613	0500	2.8	0.5	2.1	0.7	1.9	0.6	237.2	236.4	6.7
010613	0510	3.1	0.3	2.8	0.4	2.3	0.7	236.9	238.0	6.6
010613	0520	2.6	0.4	2.0	0.5	2.1	0.5	239.9	236.1	6.5
010613	0530	1.9	0.7	1.4	0.6	1.4	0.6	246.3	236.4	6.4
010613	0540	2.4	0.5	1.8	0.6	1.2	0.7	236.6	236.2	6.4
010613	0550	2.4	0.4	1.8	0.6	1.2	0.8	237.8	236.1	6.4
010613	0600	2.0	0.4	1.6	0.6	1.6	0.5	247.5	236.7	6.4
010613	0610	2.3	0.4	1.8	0.6	1.8	0.6	256.6	236.7	6.4
010613	0620	1.9	0.6	1.2	0.8	1.4	0.7	253.0	236.7	6.4
010613	0630	2.6	0.4	2.1	0.4	2.1	0.6	242.8	236.6	6.4
010613	0640	2.1	0.5	1.6	0.6	1.3	0.8	232.4	236.1	6.4
010613	0650	2.6	0.5	2.3	0.6	2.1	0.6	246.7	236.7	6.4
010613	0700	2.3	0.4	2.2	0.5	2.0	0.5	258.4	236.7	6.3
010613	0710	2.2	0.5	1.8	0.7	1.8	0.7	268.5	236.9	6.3
010613	0720	2.3	0.4	2.0	0.5	2.1	0.4	267.3	237.0	6.3
010613	0730	1.7	0.4	1.4	0.6	1.5	0.7	259.8	236.8	6.2
010613	0740	1.5	0.8	1.2	0.8	1.5	0.9	243.5	248.4	6.2
010613	0750	1.4	0.8	0.9	0.6	0.6	0.4	232.4	247.9	6.1
010613	0800	1.3	0.6	0.6	0.5	0.6	0.5	227.7	247.6	6.1
010613	0810	0.8	0.5	0.4	0.2	0.6	0.5	221.3	247.7	6.1
010613	0820	0.5	0.4	0.3	0.0	0.4	0.3	221.3	247.7	6.1
010613	0830	1.3	0.6	0.7	0.6	1.0	0.6	222.2	247.7	6.2
010613	0840	0.6	0.5	0.4	0.3	0.6	0.5	225.3	247.7	6.3
010613	0850	1.2	0.5	0.8	0.5	1.5	0.4	260.9	247.8	6.3
010613	0900	1.6	0.4	1.5	0.5	1.6	0.6	255.7	247.8	6.3
010613	0910	1.6	0.6	1.2	0.7	1.1	0.7	233.8	247.6	6.2
010613	0920	1.0	0.6	0.6	0.5	0.7	0.6	224.3	247.6	6.1
010613	0930	1.1	0.6	0.7	0.6	0.6	0.4	226.6	246.8	6.2
010613	0940	0.8	0.6	0.4	0.3	0.5	0.3	234.3	246.9	6.2
010613	0950	0.7	0.5	0.4	0.3	0.7	0.5	233.0	246.9	6.3
010613	1000	0.9	0.6	0.4	0.3	0.4	0.3	231.8	246.9	6.4
010613	1010	0.5	0.4	0.6	0.4	0.7	0.5	210.1	245.8	6.5
010613	1020	0.6	0.5	0.4	0.3	0.7	0.5	195.4	244.9	6.4
010613	1030	0.8	0.5	0.6	0.5	0.8	0.6	175.5	244.2	6.4
010613	1040	1.1	0.7	0.9	0.7	0.8	0.6	175.7	243.0	6.5
010613	1050	1.3	0.6	1.2	0.6	1.1	0.7	181.1	207.7	6.6
010613	1100	1.5	0.7	1.2	0.6	1.3	0.7	181.4	185.2	6.6
010613	1110	0.8	0.6	0.4	0.3	0.6	0.4	191.3	180.2	6.6
010613	1120	0.9	0.5	0.5	0.4	0.9	0.6	228.1	180.7	6.6
010613	1130	0.4	0.2	0.3	0.0	0.4	0.2	227.2	180.6	6.7
010613	1140	0.8	0.7	0.4	0.4	0.4	0.2	221.7	184.7	7.0
010613	1150	0.8	0.6	0.6	0.5	0.6	0.4	202.8	205.8	7.0
010613	1200	1.2	0.8	0.9	0.7	0.8	0.6	206.4	204.7	7.0
010613	1210	0.8	0.6	0.8	0.5	0.8	0.6	204.4	200.0	7.1
010613	1220	1.8	0.5	0.9	0.7	0.7	0.6	211.3	200.3	7.2
010613	1230	0.8	0.6	0.5	0.4	0.6	0.4	199.9	200.0	7.3
010613	1240	0.8	0.6	0.4	0.3	0.6	0.4	199.7	198.8	7.5
010613	1250	1.5	0.6	1.0	0.7	1.0	0.6	213.1	198.2	7.6
010613	1300	1.2	0.5	0.7	0.6	1.2	0.7	224.0	198.6	7.7
010613	1310	1.1	0.7	0.8	0.6	1.3	0.6	245.3	198.7	8.0
010613	1320	1.7	0.5	1.2	0.6	1.6	0.6	252.8	198.9	8.1
010613	1330	2.0	0.6	1.7	0.6	1.8	0.7	245.9	212.7	8.3
010613	1340	1.5	0.6	1.1	0.7	1.2	0.8	254.9	252.5	8.5
010613	1350	2.0	0.5	1.9	0.5	1.9	0.6	256.4	251.6	8.6
010613	1400	1.1	0.7	0.7	0.6	0.7	0.6	252.1	251.2	8.8
010613	1410	1.6	0.7	1.1	0.7	1.4	0.6	240.9	248.1	9.2
010613	1420	1.6	0.6	1.3	0.6	1.3	0.6	265.9	245.2	9.3
010613	1430	2.0	0.8	1.8	0.8	1.7	0.8	276.1	254.3	9.7
010613	1440	3.0	0.5	2.9	0.5	2.6	0.5	282.0	294.5	9.7
010613	1450	2.0	0.6	1.9	0.8	1.9	0.7	268.5	276.5	9.9
010613	1500	2.1	0.9	1.3	1.0	1.5	1.0	251.5	264.7	10.3
010613	1510	2.6	0.5	2.3	0.6	2.3	0.8	247.9	245.1	10.5
010613	1520	1.7	0.8	1.4	0.8	1.6	0.7	246.9	235.9	10.7
010613	1530	2.1	0.8	1.8	0.9	2.0	0.8	254.9	245.4	11.2
010613	1540	3.0	0.4	2.7	0.4	2.4	0.5	282.2	289.4	11.3
010613	1550	2.3	0.5	2.2	0.5	2.0	0.6	295.5	288.0	11.2
010613	1600	2.6	0.5	2.4	0.6	2.2	0.7	297.1	297.7	11.3
010613	1610	3.1	0.5	2.9	0.5	2.7	0.6	298.4	298.5	11.6
010613	1620	3.6	0.4	3.4	0.5	2.8	0.8	284.0	284.5	11.5
010613	1630	3.6	0.5	3.3	0.6	3.2	0.5	264.3	274.7	11.5
010613	1640	4.0	0.5	3.7	0.5	3.4	0.5	275.0	279.7	11.5
010613	1650	4.3	0.4	4.0	0.4	3.5	0.5	283.8	291.2	11.3
010613	1700	3.8	0.4	3.6	0.3	3.1	0.5	284.0	291.8	11.1
010613	1710	3.8	0.5	3.7	0.6	3.0	0.5	282.4	292.6	11.0
010613	1720	3.1	0.4	3.0	0.4	2.8	0.4	275.8	288.4	10.8
010613	1730	3.2	0.3	3.0	0.3	2.6	0.3	263.3	288.1	10.7
010613	1740	3.6	0.5	3.3	0.5	2.7	0.5	278.1	288.7	10.4
010613	1750	4.1	0.3	3.8	0.3	2.8	0.4	282.4	288.9	10.1
010613	1800	3.4	0.3	3.1	0.3	2.1	0.3	280.9	288.6	9.7
010613	1810	3.5	0.2	3.0	0.2	2.0	0.3	276.5	288.6	9.4
010613	1820	3.4	0.3	2.8	0.2	1.9	0.2	277.2	288.6	9.0
010613	1830	4.0	0.2	3.2	0.2	2.0	0.2	277.4	288.8	8.8
010613	1840	4.2	0.2	3.3	0.3	2.0	0.2	277.5	288.8	8.6
010613	1850	4.0	0.3	3.4	0.2	2.4	0.3	277.3	288.5	8.4
010613	1900	4.0	0.4	3.6	0.4	2.3	0.4	281.4	291.6	8.7
010613	1910	4.0	0.6	3.6	0.6	2.6	0.6	282.4	290.2	9.2
010613	1920	3.7	0.4	3.5	0.4	2.7	0.4	276.8	287.4	9.1
010613	1930	2.7	0.5	2.4	0.6	1.9	0.6	272.2	282.2	9.0
010613	1940	3.0	0.4	2.5	0.4	1.8	0.4	281.8	282.7	8.9
010613	1950	3.0	0.4	2.6	0.3	2.0	0.3	283.0	282.8	8.9
010613	2000	3.6	0.4	3.4	0.4	2.6	0.4	261.4	265.0	8.6
010613	2010	3.8	0.3	3.4	0.3	2.5	0.4	256.4	265.7	8.2
010613	2020	3.9	0.2	3.3	0.3	1.9	0.4	255.9	265.9	7.7
010613	2030	4.0	0.3	3.2	0.2	1.9	0.3	256.1	265.9	7.5
010613	2040	4.5	0.2	3.6	0.2	2.2	0.3	256.3	266.0	7.1
010613	2050	3.7	0.2	3.1	0.3	1.8	0.4	249.6	265.5	7.1
010613	2100	3.9	0.2	3.1	0.2	1.5	0.7	241.2	265.1	7.3
010613	2110	4.2	0.3	3.3	0.3	2.1	0.3	241.7	265.1	7.1
010613	2120	4.4	0.3	3.6	0.3	2.4	0.3	249.4	265.1	7.0
010613	2130	4.1	0.4	3.3	0.3	2.0	0.3	260.7	265.6	6.8
010613	2140	3.9	0.3	3.1	0.3	1.9	0.3	258.8	265.8	6.8
010613	2150	3.4	0.4	2.7	0.3	1.7	0.3	251.8	265.1	6.9
010613	2200	3.3	0.2	2.6	0.3	1.8	0.3	258.4	265.3	6.7
010613	2210	4.0	0.6	3.2	0.6	2.1	0.5	258.1	265.0	6.5
010613	2220	4.6	0.5	4.0	0.5	3.1	0.6	262.9	267.5	6.9
010613	2230	4.8	0.5	4.4	0.6	3.8	0.6	267.8	276.9	7.1
010613	2240	5.1	0.5	5.0	0.5	4.2	0.6	266.0	275.4	7.1
010613	2250	3.9	0.7	3.7	0.7	3.2	0.7	263.6	267.0	7.1
010613	2300	4.1	0.8	3.7	0.8	3.0	0.7	270.2	275.7	7.1
010613	2310	3.8	0.4	3.6	0.4	3.0	0.4	275.5	282.4	7.1
010613	2320	3.3	0.5	3.0	0.5	2.6	0.6	279.0	292.0	7.2
010613	2330	3.0	0.6	2.7	0.6	2.0	0.6	277.3	286.0	7.2
010613	2340	2.9	0.5	2.7	0.5	2.1	0.6	281.0	284.7	7.2
010613	2350	2.8	0.6	2.6	0.6	2.3	0.6	267.9	284.4	7.2
010713	0000	2.9	0.5	2.9	0.6	2.3	0.6	264.5	278.6	7.2
010713	0010	2.7	0.4	2.5	0.4	1.7	0.7	282.8	274.6	7.2
010713	0020	3.0	0.5	2.9	0.5	2.5	0.5	269.9	272.8	7.2
010713	0030	3.1	0.5	3.0	0.5	2.7	0.6	258.1	257.0	7.1
010713	0040	3.4	0.5	3.3	0.5	2.7	0.6	273.5	271.1	7.2
010713	0050	3.3	0.5	3.5	0.5	3.0	0.8	275.3	289.1	7.2
010713	0100	3.2	0.6	3.2	0.6	2.7	0.6	257.6	263.7	7.3
010713	0110	2.7	0.6	2.7	0.5	2.2	0.5	263.0	265.5	7.3
010713	0120	3.4	0.5	3.1	0.5	2.6	0.5	245.9	255.1	7.3
010713	0130	2.8	0.5	2.6	0.5	2.2	0.5	252.9	261.2	7.3
010713	0140	3.2	0.4	3.1	0.4	2.7	0.5	253.5	258.2	7.2
010713	0150	1.7	0.6	1.7	0.5	1.3	0.6	268.0	284.1	7.2
010713	0200	2.4	0.5	2.4	0.4	2.0	0.5	258.7	283.3	7.3
010713	0210	2.2	0.5	2.1	0.7	1.8	0.8	252.6	282.9	7.3
010713	0220	2.0	0.4	1.8	0.4	1.4	0.5	261.1	283.2	7.2
010713	0230	2.3	0.4	2.3	0.4	2.1	0.4	248.1	282.8	7.2
010713	0240	2.1	0.5	1.9	0.6	1.8	0.7	248.4	277.8	7.2
010713	0250	2.2	0.4	2.1	0.5	1.9	0.5	253.1	257.9	7.1
010713	0300	2.8	0.5	2.7	0.5	2.3	0.8	254.9	261.7	7.1
010713	0310	2.4	0.5	2.2	0.6	1.9	0.8	278.4	280.5	7.0
010713	0320	3.1	0.6	3.0	0.5	2.5	0.7	262.6	279.6	7.0
010713	0330	3.1	0.4	2.9	0.4	2.4	0.5	258.3	279.3	6.9
010713	0340	2.7	0.5	2.6	0.4	2.2	0.5	247.1	279.2	7.0
010713	0350	3.4	0.5	3.3	0.5	2.9	0.6	246.9	260.8	7.0
010713	0400	2.6	0.4	2.6	0.4	2.0	0.6	250.1	257.8	7.0
010713	0410	2.4	0.5	2.3	0.4	1.9	0.5	245.3	257.9	7.1
010713	0420	2.7	0.4	2.7	0.5	2.3	0.5	257.0	270.5	7.1
010713	0430	2.3	0.3	2.2	0.4	1.7	0.4	253.3	273.0	7.1
010713	0440	2.7	0.8	2.7	0.8	2.3	0.9	263.5	273.6	7.2
010713	0450	2.6	0.6	2.6	0.5	2.2	0.6	262.9	273.5	7.1
010713	0500	2.8	0.5	2.8	0.6	2.4	0.5	271.4	273.6	7.2
010713	0510	2.3	0.7	2.4	0.6	2.1	0.6	268.7	273.5	7.2
010713	0520	2.5	0.6	2.4	0.6	2.0	0.6	259.7	273.5	7.3
010713	0530	1.6	0.8	1.5	0.8	1.0	0.8	237.3	273.1	7.3
010713	0540	2.4	0.4	2.2	0.5	1.7	0.6	240.7	273.0	7.3
010713	0550	2.9	0.4	2.9	0.4	2.1	0.6	283.0	274.0	7.4
010713	0600	1.7	0.4	1.7	0.4	1.2	0.5	288.7	274.0	7.4
010713	0610	2.5	0.4	2.4	0.5	1.9	0.5	271.5	273.6	7.5
010713	0620	1.0	0.6	0.7	0.5	0.5	0.3	258.4	273.8	7.6
010713	0630	1.6	0.4	1.7	0.5	1.3	0.5	257.4	273.7	7.7
010713	0640	0.3	0.1	0.4	0.2	0.3	0.0	254.5	273.5	7.7
010713	0650	0.3	0.1	0.3	0.0	0.3	0.0	254.5	273.8	7.7
010713	0700	0.3	0.1	0.3	0.0	0.3	0.0	254.5	273.8	7.7
010713	0710	0.6	0.5	0.5	0.4	0.5	0.5	256.9	273.9	7.7
010713	0720	1.2	0.7	1.1	0.7	0.7	0.6	256.6	273.6	7.8
010713	0730	1.2	0.7	1.3	0.8	1.1	0.8	257.1	273.8	7.8
010713	0740	0.5	0.4	0.4	0.3	0.4	0.3	257.0	273.8	7.7
010713	0750	0.9	0.6	0.6	0.5	0.5	0.4	256.9	273.7	7.8
010713	0800	1.2	0.5	1.2	0.7	1.0	0.6	256.9	273.8	7.9
010713	0810	1.9	0.6	1.9	0.6	1.4	0.7	251.4	273.2	7.9
010713	0820	2.3	0.5	2.5	0.6	1.9	0.8	233.3	273.3	7.9
010713	0830	1.9	0.6	1.9	0.9	1.5	1.0	234.6	273.4	7.8
010713	0840	2.5	0.5	2.5	0.6	2.0	0.7	234.7	273.2	7.9
010713	0850	2.1	0.5	2.0	0.6	1.5	0.6	234.6	273.1	7.9
010713	0900	1.4	0.3	1.2	0.5	0.8	0.5	234.6	273.2	8.0
010713	0910	1.3	0.7	1.1	0.7	0.7	0.6	234.5	273.1	8.0
010713	0920	1.7	0.5	1.7	0.4	1.2	0.7	232.7	273.1	8.1
010713	0930	1.4	0.6	1.5	0.7	1.1	0.7	233.2	273.1	8.2
010713	0940	1.6	0.8	1.6	0.7	0.8	0.6	233.2	273.4	8.2
010713	0950	2.4	0.5	2.3	0.5	1.8	0.6	243.6	273.1	8.3
010713	1000	2.2	0.4	2.3	0.4	1.8	0.7	246.5	273.1	8.4
010713	1010	2.2	0.6	2.0	0.6	1.2	0.9	263.6	273.6	8.6
010713	1020	1.6	0.5	1.5	0.6	1.2	0.8	262.0	273.2	8.7
010713	1030	2.1	0.4	2.0	0.5	1.4	0.6	246.4	273.1	8.8
010713	1040	2.2	0.5	2.2	0.5	1.9	0.7	250.8	273.2	8.8
010713	1050	2.4	0.6	2.4	0.6	1.8	0.7	256.2	273.3	8.8
010713	1100	3.0	0.4	2.9	0.5	2.6	0.5	261.1	273.2	8.8
010713	1110	1.6	0.4	1.5	0.5	1.0	0.6	267.1	273.4	9.0
010713	1120	2.2	0.4	2.0	0.6	1.5	0.7	262.9	273.7	9.1
010713	1130	3.1	0.5	3.0	0.6	2.4	0.7	271.8	276.2	9.2
010713	1140	3.1	0.4	3.2	0.5	2.7	0.5	262.9	275.2	9.2
010713	1150	2.9	0.4	2.9	0.5	2.3	0.6	258.4	273.4	9.2
010713	1200	3.1	0.7	2.9	0.7	2.2	1.0	242.6	267.6	9.3
010713	1210	3.5	0.6	3.2	0.9	2.2	1.2	242.9	245.2	9.3
010713	1220	3.7	0.5	3.6	0.5	3.0	0.6	256.3	267.4	9.3
010713	1230	3.9	0.5	3.7	0.6	3.2	0.6	251.0	262.7	9.4
010713	1240	3.5	0.6	3.4	0.7	2.7	0.9	244.4	258.9	9.4
010713	1250	3.8	0.6	3.6	0.7	2.8	0.8	235.5	242.3	9.4
010713	1300	3.7	0.5	3.5	0.5	2.5	1.0	236.5	244.3	9.5
010713	1310	4.1	0.6	3.7	0.6	2.8	0.9	241.8	244.5	9.4
010713	1320	4.2	0.5	4.0	0.5	3.6	0.5	257.9	266.6	9.5
010713	1330	3.5	0.5	3.5	0.5	3.0	0.5	255.0	262.6	9.4
010713	1340	4.1	0.5	3.8	0.5	3.3	0.6	237.1	246.5	9.3
010713	1350	4.1	0.6	3.9	0.6	3.3	0.8	240.0	250.1	9.3
010713	1400	4.7	0.4	4.6	0.6	4.2	0.6	247.4	253.4	9.2
010713	1410	4.6	0.6	4.3	0.7	3.8	0.8	253.6	259.2	9.2
010713	1420	4.5	0.5	4.4	0.5	3.8	0.6	256.4	264.7	9.3
010713	1430	4.3	0.6	4.2	0.6	3.7	0.8	250.7	257.4	9.3
010713	1440	4.1	0.7	4.0	0.7	3.6	0.7	253.9	262.8	9.4
010713	1450	4.6	0.5	4.1	0.6	3.7	0.7	244.4	252.3	9.5
010713	1500	4.7	0.6	4.5	0.7	3.9	0.7	254.5	262.3	9.4
010713	1510	4.8	0.5	4.6	0.4	4.0	0.5	262.3	267.3	9.3
010713	1520	4.7	0.5	4.6	0.5	4.2	0.6	250.8	258.7	9.2
010713	1530	4.7	0.6	4.4	0.7	4.0	0.7	238.9	247.5	9.3
010713	1540	4.7	0.6	4.5	0.6	4.0	0.6	248.6	254.3	9.4
010713	1550	4.8	0.7	4.7	0.7	4.1	0.6	261.1	268.4	9.4
010713	1600	5.3	0.8	4.9	0.8	4.2	0.9	256.8	264.6	9.3
010713	1610	4.3	0.6	4.0	0.6	3.3	0.7	245.6	255.3	9.4
010713	1620	4.6	0.6	4.2	0.7	3.7	0.7	259.8	272.3	9.4
010713	1630	4.9	0.6	4.4	0.6	3.7	0.8	239.3	246.7	9.3
010713	1640	4.8	0.7	4.5	0.7	3.8	0.8	241.4	249.8	9.3
010713	1650	4.9	0.6	4.4	0.8	3.2	1.1	234.7	240.5	9.2
010713	1700	4.5	0.5	4.3	0.5	3.7	0.6	262.2	267.9	9.2
010713	1710	5.4	0.5	4.9	0.6	4.1	0.7	246.6	254.6	9.0
010713	1720	4.2	0.6	4.1	0.5	3.5	0.6	262.4	268.4	9.0
010713	1730	5.0	0.7	4.7	0.7	4.1	0.6	254.5	262.7	9.0
010713	1740	4.0	0.6	3.9	0.7	3.5	0.6	239.7	248.5	9.0
010713	1750	3.6	0.4	3.4	0.5	2.7	0.6	257.1	261.0	9.0
010713	1800	3.9	0.6	3.6	0.6	3.0	0.6	253.2	261.8	9.0
010713	1810	3.8	0.5	3.5	0.5	2.7	0.6	255.0	267.1	9.0
010713	1820	4.5	0.7	4.4	0.6	3.7	0.8	247.4	256.5	9.0
010713	1830	4.9	0.6	4.4	0.7	3.5	0.8	236.3	244.2	8.9
010713	1840	4.6	0.7	4.1	0.7	2.7	1.0	239.4	243.9	8.9
010713	1850	3.8	0.5	3.5	0.6	3.1	0.6	243.9	257.0	8.9
010713	1900	5.7	0.6	5.4	0.7	4.7	0.9	253.6	260.6	8.9
010713	1910	5.2	0.6	4.9	0.5	4.3	0.6	267.0	275.1	8.8
010713	1920	4.8	0.7	4.4	0.7	3.8	0.8	264.5	271.0	8.9
010713	1930	5.5	0.5	5.3	0.5	4.5	0.6	251.8	259.1	9.0
010713	1940	4.8	0.5	4.5	0.5	3.7	0.5	244.1	251.7	9.0
010713	1950	5.4	0.7	5.2	0.7	4.4	0.7	249.8	257.4	9.0
010713	2000	5.5	0.7	5.0	0.9	4.2	0.9	245.3	253.1	8.9
010713	2010	6.1	0.8	5.8	0.8	5.0	0.9	258.1	265.5	8.7
010713	2020	5.2	1.0	4.8	1.0	4.1	0.9	267.0	273.6	8.6
010713	2030	6.4	0.5	6.0	0.6	5.1	0.6	267.2	277.6	8.4
010713	2040	4.9	0.7	4.5	0.7	3.9	0.8	259.4	265.6	8.4
010713	2050	5.4	0.9	5.2	0.9	4.6	0.9	276.8	285.1	8.4
010713	2100	5.0	0.6	4.6	0.6	4.0	0.7	273.1	280.2	8.4
010713	2110	5.0	0.6	4.7	0.6	4.1	0.7	254.6	263.3	8.3
010713	2120	5.2	0.7	4.8	0.7	3.9	0.7	245.2	251.4	8.2
010713	2130	4.7	0.6	4.4	0.6	3.8	0.6	254.3	261.2	8.2
010713	2140	5.6	0.5	5.2	0.5	4.3	0.7	272.6	278.6	8.1
010713	2150	4.9	0.5	4.5	0.7	3.8	0.6	276.1	283.4	8.0
010713	2200	5.1	0.5	4.9	0.5	4.2	0.6	256.2	264.9	8.1
010713	2210	5.2	0.7	4.8	0.6	4.1	0.6	250.3	258.9	8.0
010713	2220	6.3	0.6	6.0	0.7	5.1	0.7	253.5	260.0	8.0
010713	2230	6.2	0.5	5.8	0.7	4.9	0.7	257.4	263.7	7.9
010713	2240	6.3	0.7	6.0	0.8	5.1	0.8	268.4	276.5	7.9
010713	2250	5.2	0.6	5.0	0.6	4.2	0.6	267.1	276.7	8.0
010713	2300	6.0	0.6	5.8	0.7	5.1	0.8	256.1	263.1	7.9
010713	2310	5.5	0.7	5.2	0.7	4.5	0.6	248.5	254.5	7.7
010713	2320	6.0	0.8	5.7	0.9	5.0	0.9	251.0	257.5	7.6
010713	2330	6.3	0.6	5.8	0.7	4.9	0.8	247.6	255.3	7.7
010713	2340	5.8	0.5	5.4	0.5	4.6	0.7	251.7	259.4	7.7
010713	2350	5.3	0.7	4.8	0.7	4.0	0.6	245.0	252.2	7.7
010813	0000	5.0	0.6	4.7	0.7	4.1	0.7	251.9	258.8	7.6
010813	0010	4.8	0.9	4.3	0.9	3.4	0.9	244.8	250.1	7.6
010813	0020	4.9	1.1	4.8	1.1	4.1	1.0	249.3	258.0	7.6
010813	0030	4.6	0.6	4.4	0.6	3.9	0.6	249.3	257.2	7.5
010813	0040	3.9	0.6	3.5	0.5	3.1	0.5	256.2	263.7	7.5
010813	0050	4.8	0.9	4.6	1.0	4.0	0.8	255.7	263.0	7.5
010813	0100	5.6	0.6	5.5	0.6	4.7	0.7	252.6	259.9	7.4
010813	0110	5.8	0.8	5.4	0.9	4.5	0.9	269.8	278.4	7.4
010813	0120	5.8	0.6	5.6	0.6	4.8	0.6	269.5	278.1	7.5
010813	0130	5.1	0.6	4.9	0.6	4.4	0.7	268.3	274.9	7.5
010813	0140	4.5	0.5	4.1	0.6	3.3	0.5	278.7	287.6	7.3
010813	0150	4.9	0.5	4.4	0.5	3.5	0.6	277.3	286.1	7.4
010813	0200	3.6	0.6	3.4	0.6	2.9	0.7	263.7	270.5	7.4
010813	0210	5.0	0.8	4.6	0.9	4.0	0.9	243.5	251.5	7.3
010813	0220	5.3	0.7	4.9	0.7	4.2	0.7	240.6	247.8	7.2
010813	0230	4.8	0.8	4.6	0.8	3.8	0.7	248.7	256.5	7.0
010813	0240	3.7	0.6	3.4	0.6	2.8	0.7	250.5	257.5	7.0
010813	0250	3.4	0.5	3.0	0.5	2.5	0.5	247.5	256.0	7.0
010813	0300	3.6	0.4	3.3	0.4	2.7	0.5	263.2	260.0	7.1
010813	0310	2.8	0.4	2.7	0.5	2.4	0.5	257.2	268.3	7.1
010813	0320	3.4	0.6	3.0	0.5	2.5	0.6	245.4	256.2	7.1
010813	0330	4.4	0.6	4.0	0.8	3.3	0.9	234.9	245.8	7.1
010813	0340	4.2	0.4	3.7	0.5	2.8	0.6	232.9	241.7	7.1
010813	0350	4.3	0.4	4.0	0.5	2.8	0.7	239.0	242.9	7.1
010813	0400	4.1	0.8	3.6	0.8	2.5	0.9	233.7	240.9	6.9
010813	0410	5.0	0.7	4.4	0.7	3.1	0.8	231.6	237.7	6.7
010813	0420	5.1	0.5	4.5	0.7	3.5	0.8	233.8	242.3	6.7
010813	0430	4.7	0.8	4.1	0.8	3.1	0.7	237.7	244.5	6.6
010813	0440	4.1	0.7	3.7	0.8	2.9	0.6	233.4	239.5	6.5
010813	0450	5.1	0.5	4.7	0.7	3.6	0.9	236.5	242.3	6.5
010813	0500	4.1	0.6	3.9	0.5	3.4	0.5	257.7	266.0	6.5
010813	0510	3.6	0.6	3.2	0.6	2.5	0.7	240.0	246.4	6.5
010813	0520	3.5	0.6	3.1	0.6	2.7	0.7	239.3	248.6	6.5
010813	0530	3.9	0.8	3.5	0.9	2.3	0.8	227.5	236.4	6.4
010813	0540	3.6	0.6	3.0	0.6	1.7	0.6	215.0	223.9	6.4
010813	0550	3.4	0.8	2.8	0.8	1.2	0.8	227.5	238.6	6.3
010813	0600	3.1	0.5	2.6	0.6	1.4	0.6	222.9	252.2	6.3
010813	0610	2.8	0.5	2.3	0.4	1.1	0.6	219.6	232.2	6.3
010813	0620	3.3	0.4	2.9	0.5	1.7	0.6	211.6	220.4	6.3
010813	0630	3.7	0.6	3.1	0.6	1.6	0.8	215.2	223.3	6.2
010813	0640	3.6	0.6	3.0	0.8	1.6	0.7	212.6	220.3	6.2
010813	0650	3.3	0.5	2.8	0.6	1.5	0.6	209.2	214.3	6.2
010813	0700	3.3	0.6	2.9	0.6	1.3	0.6	217.6	220.9	6.1
010813	0710	3.3	0.5	2.8	0.5	1.7	0.6	223.3	229.8	6.2
010813	0720	2.6	0.5	2.1	0.7	1.3	0.7	218.7	240.2	6.2
010813	0730	3.1	0.7	2.6	0.7	1.9	0.9	221.5	226.2	6.2
010813	0740	3.7	1.0	3.5	0.9	2.8	1.0	233.0	241.4	6.2
010813	0750	3.4	0.5	2.8	0.6	1.8	0.8	215.4	227.9	6.2
010813	0800	3.9	0.6	3.3	0.6	1.9	0.8	214.8	223.1	6.1
010813	0810	4.7	0.5	4.0	0.6	2.1	0.9	211.6	218.7	6.0
010813	0820	3.9	0.8	3.6	0.8	2.1	0.9	208.3	218.4	5.9
010813	0830	4.0	0.6	3.3	0.7	2.2	0.9	204.2	208.9	5.9
010813	0840	3.5	0.7	2.8	0.6	1.8	0.8	200.9	202.4	5.9
010813	0850	3.5	0.4	3.1	0.6	1.8	0.5	203.6	213.6	6.0
010813	0900	3.8	0.4	3.5	0.5	2.6	0.6	192.7	196.6	6.0
010813	0910	2.7	0.4	2.3	0.5	1.5	0.7	190.4	184.6	6.0
010813	0920	2.3	0.5	2.0	0.7	0.9	0.5	212.9	186.7	6.1
010813	0930	1.6	0.4	1.1	0.6	0.7	0.5	215.4	185.9	6.2
010813	0940	1.7	0.5	1.6	0.4	0.7	0.4	214.8	185.8	6.3
010813	0950	2.2	0.4	1.9	0.5	0.9	0.6	212.8	185.9	6.4
010813	1000	2.6	0.4	2.1	0.6	1.0	0.6	210.1	186.1	6.6
010813	1010	1.6	0.8	1.3	0.8	0.9	0.8	212.3	186.0	6.7
010813	1020	1.9	0.5	1.4	0.8	0.8	0.7	218.1	186.1	6.8
010813	1030	2.1	0.4	1.9	0.5	1.5	0.7	241.6	186.3	6.8
010813	1040	2.0	0.4	1.9	0.6	1.7	0.5	242.8	186.3	6.9
010813	1050	2.2	0.6	2.1	0.7	1.6	0.9	250.0	186.4	7.0
010813	1100	0.8	0.5	0.5	0.4	0.4	0.1	276.5	186.0	7.1
010813	1110	1.2	0.7	1.1	0.6	0.8	0.7	263.8	208.8	7.2
010813	1120	1.5	0.5	1.3	0.4	0.9	0.6	241.4	265.0	7.2
010813	1130	0.9	0.7	0.8	0.7	0.8	0.6	243.6	239.9	7.4
010813	1140	1.3	0.7	1.2	0.6	1.0	0.5	279.6	240.6	7.2
010813	1150	0.3	0.1	0.4	0.3	0.4	0.2	274.5	240.5	7.4
010813	1200	1.0	0.8	1.1	0.7	0.8	0.6	245.0	233.2	7.6
010813	1210	1.9	0.5	1.7	0.6	1.5	0.6	218.2	218.2	7.4
010813	1220	1.5	0.6	1.1	0.7	0.7	0.5	202.1	217.2	7.6
010813	1230	1.2	1.0	1.1	1.0	0.7	0.7	203.0	215.7	7.7
010813	1240	2.6	0.4	2.4	0.6	1.3	0.6	214.4	216.6	7.6
010813	1250	1.9	0.4	1.8	0.4	1.5	0.6	222.7	216.5	7.5
010813	1300	2.2	0.4	1.8	0.5	1.3	0.6	202.7	203.9	7.5
010813	1310	2.3	0.6	2.1	0.6	1.4	0.6	204.3	205.0	7.6
010813	1320	1.5	0.8	1.3	0.8	1.2	0.7	220.1	220.5	7.7
010813	1330	1.7	0.4	1.4	0.6	1.1	0.6	215.7	220.3	7.7
010813	1340	1.3	0.6	1.1	0.6	0.9	0.7	205.3	219.9	7.7
010813	1350	1.3	0.6	1.2	0.6	1.0	0.6	243.9	220.1	7.6
010813	1400	1.1	0.7	0.7	0.5	0.5	0.4	253.5	220.3	7.7
010813	1410	1.2	0.5	1.1	0.6	1.0	0.6	254.9	220.1	7.8
010813	1420	1.2	0.5	0.8	0.6	0.6	0.5	228.2	219.8	7.8
010813	1430	2.0	0.5	1.8	0.7	1.4	0.9	262.6	220.4	7.9
010813	1440	2.2	0.4	1.9	0.5	1.7	0.5	278.2	220.4	7.9
010813	1450	1.9	0.7	1.6	0.8	1.2	0.8	236.4	220.3	7.9
010813	1500	2.4	0.5	2.3	0.5	2.1	0.5	281.0	225.2	7.9
010813	1510	1.7	0.5	1.5	0.7	1.2	0.6	294.6	300.9	7.9
010813	1520	1.7	0.6	1.7	0.6	1.5	0.5	276.7	300.6	7.9
010813	1530	2.1	1.0	2.1	0.9	2.1	0.8	284.9	300.1	7.9
010813	1540	0.8	0.7	0.8	0.7	0.7	0.5	294.3	300.4	8.0
010813	1550	1.0	0.7	0.9	0.7	0.6	0.5	277.6	300.5	8.1
010813	1600	1.6	0.6	1.6	0.6	1.1	0.6	298.8	301.0	8.0
010813	1610	0.8	0.7	0.6	0.5	0.5	0.4	309.3	301.1	8.0
010813	1620	2.0	0.5	2.0	0.7	1.6	0.9	277.9	300.1	8.0
010813	1630	1.6	0.7	1.6	0.7	1.3	0.6	291.6	301.0	7.9
010813	1640	2.2	0.6	1.8	1.0	1.5	1.0	316.9	301.8	8.0
010813	1650	2.6	0.5	2.4	0.6	2.1	0.7	286.5	307.5	7.9
010813	1700	1.2	0.9	1.3	0.9	1.2	0.8	281.1	279.4	7.9
010813	1710	0.7	0.5	0.5	0.3	0.4	0.3	256.9	278.6	7.9
010813	1720	0.7	0.5	0.6	0.5	0.5	0.4	253.0	278.7	7.9
010813	1730	1.0	0.9	0.7	0.8	0.6	0.5	253.2	277.4	7.9
010813	1740	3.5	0.5	3.6	0.6	3.3	0.7	254.5	265.4	7.9
010813	1750	1.2	0.6	1.0	0.6	0.5	0.5	227.4	237.4	7.8
010813	1800	1.2	0.5	1.0	0.6	0.6	0.4	227.6	237.6	7.8
010813	1810	1.6	0.8	1.4	0.8	0.8	0.6	226.7	237.3	7.8
010813	1820	2.3	0.4	1.8	0.5	1.0	0.6	213.7	236.4	7.8
010813	1830	2.3	0.4	2.0	0.4	1.1	0.6	213.2	236.5	7.7
010813	1840	1.9	0.3	1.6	0.3	0.9	0.5	213.6	236.6	7.7
010813	1850	2.4	0.2	2.0	0.4	1.3	0.5	213.6	236.7	7.7
010813	1900	1.9	0.5	1.8	0.5	1.3	0.7	264.3	237.5	7.7
010813	1910	1.0	0.6	1.1	0.6	0.8	0.7	286.0	237.6	7.6
010813	1920	1.5	0.7	1.0	0.7	0.5	0.4	250.8	237.2	7.6
010813	1930	2.2	0.5	1.8	0.6	1.3	0.8	239.9	237.1	7.6
010813	1940	1.5	0.5	1.4	0.7	0.8	0.7	241.3	237.2	7.6
010813	1950	1.6	0.5	1.3	0.5	0.5	0.3	233.6	236.8	7.6
010813	2000	2.1	0.4	1.8	0.6	1.2	0.8	236.6	237.4	7.6
010813	2010	1.2	0.6	1.0	0.7	1.1	0.6	237.0	237.7	7.6
010813	2020	1.4	0.5	1.0	0.5	0.5	0.3	236.7	237.5	7.5
010813	2030	1.4	0.4	1.4	0.3	1.2	0.4	236.9	237.6	7.5
010813	2040	0.6	0.4	0.6	0.5	0.6	0.5	236.9	237.6	7.5
010813	2050	0.6	0.4	0.5	0.4	0.4	0.3	236.9	237.6	7.4
010813	2100	1.3	0.9	1.1	0.9	0.7	0.5	236.9	237.6	7.3
010813	2110	2.0	0.9	1.8	0.8	1.3	0.7	237.5	237.9	7.4
010813	2120	1.3	0.6	0.8	0.6	0.6	0.4	237.3	237.7	7.4
010813	2130	1.9	0.2	1.6	0.3	1.1	0.4	237.4	237.8	7.4
010813	2140	1.1	0.4	0.5	0.3	0.3	0.0	237.3	237.8	7.3
010813	2150	1.4	0.3	0.6	0.4	0.3	0.0	237.3	237.7	7.1
010813	2200	1.8	0.2	1.3	0.3	0.3	0.0	237.4	237.8	6.8
010813	2210	1.4	0.3	0.7	0.4	0.3	0.0	237.4	237.7	6.6
010813	2220	1.0	0.3	0.4	0.2	0.3	0.0	237.3	237.7	6.3
010813	2230	1.0	0.3	0.3	0.2	0.3	0.0	237.3	237.7	5.9
010813	2240	1.1	0.3	0.6	0.4	0.6	0.4	237.2	237.7	5.7
010813	2250	1.8	0.2	1.5	0.2	0.7	0.4	237.2	237.7	5.6
010813	2300	2.0	0.3	2.1	0.4	0.5	0.4	237.1	237.4	5.4
010813	2310	2.1	0.2	2.9	0.3	1.3	0.4	236.3	236.8	5.2
010813	2320	2.9	0.5	3.5	0.3	1.4	0.5	236.0	236.7	5.1
010813	2330	3.7	0.2	4.0	0.2	1.2	0.5	235.5	236.7	5.0
010813	2340	4.1	0.2	3.9	0.2	0.9	0.6	235.5	236.6	4.9
010813	2350	4.1	0.2	3.4	0.4	0.4	0.2	235.5	236.7	4.8
010913	0000	4.0	0.2	2.5	0.5	0.5	0.4	235.5	236.7	4.8
010913	0010	3.6	0.4	2.1	0.9	0.6	0.5	235.4	236.6	4.9
010913	0020	4.0	0.5	2.1	0.9	0.8	0.6	235.0	236.5	5.0
010913	0030	2.9	0.7	1.5	0.7	0.4	0.3	234.9	236.5	5.0
010913	0040	3.6	0.4	2.0	0.4	0.6	0.4	234.5	236.3	5.0
010913	0050	4.0	0.4	2.4	0.4	0.5	0.4	211.6	235.5	5.0
010913	0100	1.3	1.1	0.5	0.5	0.3	0.0	218.1	235.6	5.1
010913	0110	0.7	0.5	0.5	0.4	0.5	0.3	224.0	236.4	5.2
010913	0120	1.7	0.3	1.3	0.4	1.0	0.5	229.2	236.8	5.2
010913	0130	2.1	0.3	1.6	0.3	1.1	0.4	229.4	236.7	5.3
010913	0140	1.9	0.7	1.5	0.6	1.1	0.6	230.6	236.8	5.4
010913	0150	0.9	0.5	0.5	0.3	0.3	0.1	230.9	236.8	5.4
010913	0200	1.5	0.3	0.9	0.4	0.5	0.3	230.9	236.8	5.5
010913	0210	0.9	0.4	0.6	0.4	0.5	0.3	230.9	236.8	5.6
010913	0220	1.1	0.4	0.7	0.4	0.7	0.4	230.9	236.8	5.6
010913	0230	1.7	0.2	1.6	0.3	1.5	0.3	230.9	236.8	5.6
010913	0240	1.1	0.6	0.9	0.6	0.6	0.4	230.9	236.8	5.6
010913	0250	0.6	0.4	0.3	0.1	0.5	0.3	230.9	236.8	5.7
010913	0300	0.6	0.5	0.4	0.3	0.5	0.3	230.9	236.8	5.7
010913	0310	0.6	0.4	0.4	0.2	0.6	0.3	230.9	236.8	5.7
010913	0320	1.7	0.3	1.5	0.4	1.5	0.3	230.9	236.8	5.7
010913	0330	1.6	0.3	1.4	0.2	1.4	0.3	230.9	236.8	5.7
010913	0340	0.9	0.4	0.8	0.5	1.0	0.4	230.9	236.8	5.8
010913	0350	0.5	0.3	0.4	0.2	0.5	0.3	230.9	236.8	5.8
010913	0400	0.7	0.5	0.4	0.2	0.5	0.3	230.9	236.8	5.8
010913	0410	0.7	0.5	0.6	0.5	0.7	0.5	230.9	236.8	5.8
010913	0420	0.8	0.5	0.7	0.5	0.8	0.5	230.9	236.8	5.8
010913	0430	0.8	0.4	0.5	0.4	0.9	0.4	230.9	236.8	5.8
010913	0440	0.6	0.4	0.5	0.4	0.7	0.4	230.9	236.8	5.8
010913	0450	0.6	0.4	0.4	0.2	0.6	0.4	230.9	236.8	5.7
010913	0500	0.5	0.3	0.5	0.4	0.6	0.4	230.9	236.8	5.7
010913	0510	0.4	0.2	0.4	0.2	0.8	0.4	230.9	236.8	5.7
010913	0520	0.3	0.0	0.3	0.0	0.4	0.2	230.9	236.8	5.7
010913	0530	0.3	0.0	0.3	0.0	0.3	0.0	230.9	236.8	5.7
010913	0540	0.3	0.0	0.3	0.0	0.3	0.0	230.9	236.8	5.8
010913	0550	0.3	0.0	0.3	0.0	0.3	0.0	230.9	236.8	5.8
010913	0600	0.3	0.0	0.3	0.0	0.3	0.0	230.9	236.8	5.8
010913	0610	0.3	0.0	0.3	0.0	0.3	0.0	230.9	236.8	5.8
010913	0620	0.4	0.1	0.3	0.0	0.4	0.2	230.9	236.8	5.8
010913	0630	0.3	0.0	0.3	0.0	0.3	0.0	230.9	236.8	5.8
010913	0640	0.3	0.0	0.3	0.0	0.3	0.0	230.9	236.8	5.6
010913	0650	0.3	0.0	0.3	0.0	0.3	0.0	230.9	236.8	5.5
010913	0700	0.3	0.0	0.3	0.0	0.3	0.0	230.9	236.8	5.5
010913	0710	0.3	0.0	0.3	0.0	0.3	0.0	230.9	236.8	5.4
010913	0720	0.3	0.0	0.3	0.0	0.3	0.0	230.8	236.8	5.3
010913	0730	0.3	0.0	0.3	0.0	0.3	0.0	230.8	236.8	5.2
010913	0740	0.3	0.0	0.3	0.0	0.3	0.0	230.9	236.8	5.0
010913	0750	0.3	0.0	0.3	0.1	0.3	0.0	230.9	236.8	5.0
010913	0800	0.5	0.3	0.4	0.2	0.3	0.0	230.8	236.8	4.9
010913	0810	0.5	0.3	0.4	0.3	0.3	0.0	230.9	236.8	5.0
010913	0820	0.7	0.5	0.8	0.5	0.5	0.4	230.9	236.8	5.2
010913	0830	1.0	0.7	0.7	0.4	0.4	0.1	230.7	236.8	5.3