Date	Time	50mWS	50mSD	30mWS	30mSD	10mWS	10mSD	50mDIR	30mDIR	TEMP
100113	0040	4.2	0.5	3.2	0.5	1.4	0.4	50.7	54.9	26.0
100113	0050	4.0	0.4	3.1	0.4	1.7	0.4	51.9	58.8	26.0
100113	0100	2.9	0.8	2.1	0.5	0.9	0.5	33.7	56.1	26.1
100113	0110	2.7	0.3	2.2	0.4	0.4	0.2	14.6	54.6	25.7
100113	0120	2.8	0.3	2.2	0.3	0.4	0.1	18.4	54.3	25.4
100113	0130	2.8	0.3	2.2	0.4	0.6	0.4	24.0	54.3	25.3
100113	0140	3.1	0.3	2.5	0.2	1.0	0.5	28.2	54.2	25.3
100113	0150	3.6	0.5	2.8	0.4	1.4	0.6	47.9	52.6	25.3
100113	0200	3.4	0.3	2.7	0.3	1.3	0.4	47.6	52.4	25.6
100113	0210	2.8	0.4	2.1	0.3	1.0	0.5	39.1	52.6	25.8
100113	0220	2.6	0.2	1.8	0.3	0.6	0.4	11.7	52.4	25.6
100113	0230	2.7	0.3	1.9	0.3	0.8	0.5	18.4	52.3	25.4
100113	0240	2.7	0.4	2.2	0.3	0.8	0.5	32.8	52.2	25.1
100113	0250	2.7	0.3	2.3	0.3	0.7	0.5	32.7	52.2	25.0
100113	0300	3.3	0.7	2.4	0.5	0.8	0.5	54.0	55.3	25.1
100113	0310	3.6	0.4	2.8	0.4	1.5	0.3	65.2	67.5	25.4
100113	0320	3.8	0.4	2.9	0.3	1.3	0.4	72.2	76.4	25.5
100113	0330	3.6	0.4	2.9	0.3	1.6	0.4	74.2	81.2	25.6
100113	0340	3.4	0.3	2.9	0.3	1.6	0.3	59.1	64.7	25.6
100113	0350	3.6	0.6	2.9	0.3	1.6	0.3	58.8	60.0	25.4
100113	0400	3.4	0.3	2.7	0.3	1.5	0.2	48.4	57.9	25.4
100113	0410	3.3	0.4	2.5	0.4	1.2	0.5	39.4	46.8	25.4
100113	0420	3.7	0.5	2.9	0.4	1.2	0.6	45.8	48.4	25.3
100113	0430	4.2	0.5	3.3	0.4	1.8	0.3	55.9	62.4	25.4
100113	0440	4.3	0.4	3.3	0.3	1.6	0.3	58.3	63.9	25.5
100113	0450	3.9	0.5	3.0	0.4	1.4	0.3	58.6	63.7	25.6
100113	0500	3.8	0.3	3.0	0.3	1.6	0.3	58.1	63.6	25.6
100113	0510	4.0	0.3	3.1	0.3	1.7	0.3	58.3	63.1	25.6
100113	0520	3.9	0.4	3.1	0.3	1.7	0.4	54.1	58.7	25.5
100113	0530	3.8	0.2	2.9	0.3	1.5	0.3	49.0	56.1	25.4
100113	0540	3.5	0.3	2.6	0.3	1.2	0.3	42.0	55.8	25.3
100113	0550	3.2	0.3	2.5	0.3	1.0	0.4	36.6	55.6	25.2
100113	0600	4.3	0.5	3.2	0.4	1.5	0.4	50.0	55.7	25.1
100113	0610	4.4	0.5	3.1	0.4	1.5	0.3	54.1	60.2	25.2
100113	0620	4.2	0.3	2.9	0.2	1.1	0.4	52.1	60.5	25.2
100113	0630	3.6	0.3	2.5	0.4	0.7	0.4	51.8	60.6	25.1
100113	0640	3.3	0.2	2.2	0.2	1.1	0.3	46.1	60.5	25.2
100113	0650	3.6	0.4	2.6	0.3	1.0	0.4	42.3	60.1	25.2
100113	0700	3.5	0.3	2.6	0.2	1.2	0.4	39.9	59.9	25.2
100113	0710	3.9	0.4	2.8	0.4	1.2	0.3	36.7	57.6	25.2
100113	0720	3.9	0.3	3.1	0.5	1.7	0.3	27.4	42.6	25.3
100113	0730	3.6	0.3	2.9	0.3	1.3	0.6	25.2	38.7	25.4
100113	0740	3.3	0.3	2.5	0.4	0.9	0.5	32.2	25.3	25.5
100113	0750	2.5	0.3	1.6	0.2	0.4	0.1	26.6	24.7	25.5
100113	0800	2.6	0.2	1.7	0.2	0.5	0.4	17.3	24.2	25.6
100113	0810	2.5	0.2	1.8	0.4	0.6	0.4	18.2	24.2	25.7
100113	0820	2.9	0.3	2.1	0.3	0.6	0.4	8.8	24.2	25.9
100113	0830	3.0	0.3	2.3	0.3	1.3	0.7	4.0	24.1	26.2
100113	0840	2.7	0.5	2.1	0.5	1.1	0.6	23.0	30.7	26.5
100113	0850	3.0	0.4	2.3	0.4	1.7	0.5	33.8	31.2	27.1
100113	0900	2.2	0.4	2.0	0.4	1.6	0.5	31.4	31.7	27.8
100113	0910	2.6	0.7	2.4	0.8	1.9	0.8	50.1	56.2	28.8
100113	0920	3.4	0.6	3.4	0.5	3.0	0.5	59.0	73.5	29.3
100113	0930	4.6	1.3	4.3	1.1	3.4	1.0	70.5	77.6	29.0
100113	0940	6.3	1.2	5.8	1.1	4.6	1.0	86.8	98.9	29.1
100113	0950	7.4	1.1	6.8	1.1	5.4	1.0	89.6	98.3	28.7
100113	1000	7.0	1.3	6.4	1.2	5.0	1.1	89.9	99.7	28.6
100113	1010	8.4	1.6	7.8	1.5	6.2	1.2	83.6	93.6	28.4
100113	1020	6.6	0.9	6.2	0.7	4.8	0.8	90.1	98.7	28.1
100113	1030	7.4	1.1	7.1	1.0	5.6	1.0	92.4	104.3	28.1
100113	1040	8.4	1.1	7.8	1.1	6.3	1.0	91.5	100.9	28.2
100113	1050	8.0	1.5	7.3	1.6	5.9	1.4	91.2	99.3	28.1
100113	1100	9.0	1.1	8.4	1.2	6.6	1.3	87.9	98.8	27.7
100113	1110	8.3	1.2	7.8	1.2	6.4	1.1	84.6	94.5	27.4
100113	1120	7.0	1.0	6.6	0.8	5.2	0.9	87.7	98.8	27.3
100113	1130	5.6	1.0	5.3	0.9	4.5	0.8	81.2	91.2	27.4
100113	1140	5.3	1.2	5.1	1.2	4.2	0.9	78.5	92.6	27.7
100113	1150	5.0	1.0	4.6	0.9	3.9	0.8	77.8	86.1	27.9
100113	1200	6.2	0.7	5.9	0.7	4.9	0.8	76.7	87.7	27.9
100113	1210	5.3	0.9	5.0	0.8	4.0	0.9	70.2	80.7	27.5
100113	1220	5.1	1.1	4.8	0.9	3.8	0.7	61.4	72.2	27.8
100113	1230	5.9	1.0	5.2	0.9	4.3	0.9	58.1	69.0	27.5
100113	1240	6.1	1.0	5.5	0.9	4.2	0.9	35.7	45.9	26.8
100113	1250	6.1	0.7	5.2	0.8	3.5	0.9	24.9	34.4	26.4
100113	1300	4.7	0.9	3.8	1.0	2.7	0.9	37.7	47.4	26.7
100113	1310	4.8	0.5	4.1	0.6	2.7	0.7	53.1	62.7	27.0
100113	1320	5.3	0.8	4.3	0.7	3.2	0.6	47.2	56.5	27.1
100113	1330	4.9	0.6	4.2	0.7	3.0	0.7	55.5	66.7	27.3
100113	1340	5.0	0.7	4.8	0.7	3.8	0.6	57.8	69.2	27.8
100113	1350	6.1	0.8	5.7	0.9	4.5	0.9	52.6	61.4	27.9
100113	1400	5.3	0.7	4.9	0.8	3.7	0.9	53.3	64.4	27.8
100113	1410	5.8	0.9	5.4	0.8	4.3	0.8	59.1	66.9	27.9
100113	1420	4.9	0.9	4.8	0.7	3.8	0.7	62.2	69.4	28.1
100113	1430	4.2	0.6	3.9	0.6	3.3	0.6	59.7	68.2	28.1
100113	1440	4.0	0.6	3.7	0.6	2.9	0.7	63.8	73.5	28.2
100113	1450	4.1	0.5	3.8	0.6	3.1	0.6	65.6	76.1	28.2
100113	1500	2.9	0.5	2.7	0.4	2.1	0.4	60.9	73.2	28.3
100113	1510	3.6	0.7	3.4	0.6	2.6	0.7	33.8	45.2	28.2
100113	1520	3.4	0.3	3.0	0.5	2.1	0.5	33.9	42.5	27.8
100113	1530	2.7	0.4	2.3	0.4	1.5	0.4	42.9	47.8	27.8
100113	1540	3.3	0.7	2.9	0.6	2.1	0.5	30.8	43.0	27.9
100113	1550	3.5	0.6	3.1	0.5	2.2	0.5	37.6	46.5	27.7
100113	1600	3.4	0.5	2.9	0.5	2.1	0.5	41.9	52.5	27.8
100113	1610	3.6	0.8	3.1	0.7	2.2	0.6	46.5	54.1	27.8
100113	1620	5.1	0.7	4.6	0.7	3.6	0.6	48.3	59.2	27.8
100113	1630	4.7	0.5	4.3	0.5	3.2	0.5	51.3	61.8	27.8
100113	1640	4.2	0.5	3.8	0.5	2.7	0.5	50.5	61.2	27.9
100113	1650	3.6	0.5	3.2	0.5	2.3	0.5	55.6	64.3	28.0
100113	1700	5.0	1.0	4.6	1.0	3.6	0.9	51.5	62.3	28.4
100113	1710	5.0	0.7	4.7	0.8	3.9	0.8	53.5	63.8	28.8
100113	1720	5.3	0.8	5.2	0.8	4.2	0.8	54.3	64.5	28.9
100113	1730	5.6	0.6	5.4	0.6	4.2	0.9	53.4	63.0	28.6
100113	1740	5.3	0.7	4.9	0.7	3.8	0.7	57.2	68.4	28.5
100113	1750	4.7	0.7	4.6	0.6	3.7	0.6	54.3	65.7	28.6
100113	1800	4.3	0.6	4.1	0.6	3.0	0.6	52.1	60.2	28.5
100113	1810	4.1	0.7	3.7	0.7	2.9	0.5	50.7	59.4	28.4
100113	1820	4.0	0.5	3.8	0.6	2.8	0.7	49.4	59.0	28.1
100113	1830	4.0	0.4	3.6	0.5	2.6	0.5	45.3	56.3	27.7
100113	1840	4.0	0.4	3.2	0.4	2.1	0.4	39.7	49.5	27.4
100113	1850	4.1	0.4	3.4	0.4	2.1	0.3	35.0	43.8	27.1
100113	1900	4.2	0.3	3.5	0.3	2.1	0.4	33.9	42.6	26.9
100113	1910	4.0	0.3	3.3	0.3	1.9	0.3	32.5	39.9	26.8
100113	1920	4.1	0.3	3.2	0.3	1.8	0.3	35.3	43.5	26.7
100113	1930	4.1	0.3	3.3	0.3	1.9	0.3	37.6	47.4	26.6
100113	2050	3.6	0.4	3.1	0.4	1.8	0.3	21.3	45.4	26.2
100113	2100	4.2	0.2	3.5	0.2	1.9	0.3	15.3	17.6	26.0
100113	2110	4.0	0.2	3.0	0.4	1.6	0.4	17.9	17.5	25.9
100113	2120	4.1	0.2	2.9	0.3	1.1	0.5	22.7	22.2	25.8
100113	2130	4.2	0.2	3.2	0.3	1.4	0.4	27.0	28.1	25.9
100113	2140	4.5	0.2	3.4	0.2	1.6	0.4	24.8	27.5	25.9
100113	2150	4.7	0.2	3.6	0.3	1.8	0.4	26.0	31.9	25.9
100113	2200	4.9	0.2	3.6	0.4	1.8	0.4	25.1	32.5	25.9
100113	2210	4.4	0.2	3.4	0.3	1.8	0.4	28.9	32.7	25.9
100113	2220	4.2	0.3	3.4	0.3	2.0	0.4	25.9	27.2	26.0
100113	2230	4.4	0.3	3.5	0.3	1.9	0.4	22.7	26.1	26.0
100113	2240	4.5	0.4	3.4	0.4	1.7	0.4	26.2	32.5	26.0
100113	2250	4.1	0.4	3.3	0.3	1.8	0.5	32.4	34.4	26.0
100113	2300	4.4	0.5	3.3	0.4	1.8	0.3	36.5	42.1	26.1
100113	2310	4.6	0.5	3.4	0.4	1.9	0.4	39.3	45.7	26.1
100113	2320	5.0	0.5	3.7	0.4	2.2	0.5	41.0	46.7	26.2
100113	2330	4.9	0.4	3.8	0.3	2.2	0.3	40.0	46.5	26.3
100113	2340	4.8	0.4	3.6	0.4	2.3	0.4	37.2	44.8	26.4
100113	2350	4.7	0.5	3.6	0.4	1.8	0.5	34.6	40.6	26.4
100213	0000	4.5	0.3	3.6	0.3	1.6	0.4	32.3	35.6	26.2
100213	0010	4.7	0.3	3.5	0.3	1.7	0.4	30.7	37.0	26.1
100213	0020	4.6	0.5	3.4	0.4	1.7	0.4	38.2	39.8	26.1
100213	0030	4.0	0.3	3.0	0.3	1.6	0.3	32.9	50.5	26.2
100213	0040	4.0	0.2	3.4	0.3	1.5	0.5	30.1	39.4	26.3
100213	0050	4.2	0.3	3.6	0.2	1.9	0.4	32.4	33.6	26.3
100213	0100	4.1	0.3	3.3	0.2	1.8	0.3	27.1	32.1	26.3
100213	0110	3.9	0.2	3.2	0.2	1.4	0.4	26.2	28.9	26.2
100213	0120	3.9	0.3	3.0	0.2	1.2	0.4	22.2	27.0	26.0
100213	0130	3.8	0.2	2.6	0.2	0.9	0.5	23.4	26.2	25.9
100213	0140	4.2	0.3	2.8	0.3	0.6	0.4	19.4	25.0	25.9
100213	0150	4.1	0.3	2.9	0.3	0.4	0.2	16.4	21.0	25.8
100213	0200	4.2	0.3	3.1	0.3	0.8	0.5	22.7	21.8	25.7
100213	0210	4.0	0.3	3.0	0.3	1.4	0.5	26.7	25.5	25.7
100213	0220	3.6	0.2	2.4	0.3	0.9	0.5	24.7	27.0	25.7
100213	0230	3.6	0.2	2.4	0.2	0.8	0.5	22.6	27.0	25.7
100213	0240	3.7	0.2	2.4	0.2	0.5	0.3	25.2	27.3	25.8
100213	0250	3.8	0.2	2.4	0.2	0.3	0.0	26.5	27.5	25.7
100213	0300	3.7	0.2	2.2	0.2	0.3	0.0	26.4	27.4	25.6
100213	0310	3.5	0.2	2.0	0.2	0.3	0.0	30.1	27.3	25.5
100213	0320	3.1	0.4	1.5	0.5	0.3	0.0	44.4	35.6	25.5
100213	0330	2.5	0.4	0.5	0.4	0.3	0.0	54.3	35.8	25.5
100213	0340	2.1	0.2	0.3	0.0	0.3	0.0	55.9	35.9	25.4
100213	0350	1.9	0.2	0.3	0.1	0.3	0.0	55.4	35.8	25.3
100213	0400	1.9	0.3	0.8	0.5	0.3	0.0	44.5	35.9	25.4
100213	0410	2.1	0.2	1.5	0.2	0.3	0.0	37.6	35.8	25.3
100213	0420	2.3	0.2	1.5	0.2	0.3	0.0	38.2	35.9	25.2
100213	0430	2.6	0.2	1.5	0.2	0.3	0.0	39.5	35.9	25.1
100213	0440	3.0	0.3	1.8	0.3	0.3	0.0	49.5	36.3	25.1
100213	0450	3.2	0.2	2.1	0.2	0.3	0.0	50.9	36.5	25.2
100213	0500	3.2	0.2	2.1	0.2	0.3	0.0	50.9	36.5	25.3
100213	0510	3.1	0.2	1.9	0.2	0.3	0.0	51.6	36.5	25.3
100213	0520	2.7	0.3	1.6	0.2	0.3	0.0	52.6	36.5	25.3
100213	0530	2.8	0.4	1.6	0.3	0.3	0.0	52.1	38.1	25.2
100213	0540	3.4	0.3	2.4	0.4	0.6	0.4	61.7	61.6	25.3
100213	0550	3.8	0.3	2.7	0.2	1.2	0.3	60.9	63.1	25.6
100213	0600	3.8	0.2	2.8	0.3	0.9	0.4	49.9	56.8	25.7
100213	0610	3.6	0.3	2.6	0.3	0.6	0.5	41.6	43.4	25.5
100213	0620	3.2	0.3	2.3	0.2	0.4	0.2	45.5	43.5	25.3
100213	0630	3.3	0.2	2.5	0.2	0.4	0.2	44.1	43.6	25.3
100213	0640	3.6	0.3	2.6	0.2	0.4	0.1	48.9	43.8	25.2
100213	0650	4.1	0.2	2.8	0.2	0.4	0.1	55.2	44.4	25.2
100213	0700	4.0	0.2	2.7	0.3	0.5	0.4	53.2	44.4	25.2
100213	0710	4.1	0.2	2.9	0.3	1.4	0.3	49.7	44.0	25.3
100213	0720	3.9	0.3	3.0	0.2	1.2	0.4	48.4	44.1	25.4
100213	0730	4.0	0.3	3.2	0.2	1.3	0.5	51.8	45.7	25.5
100213	0740	4.0	0.5	3.4	0.3	1.5	0.5	49.1	51.0	25.7
100213	0750	3.8	0.3	3.3	0.3	1.9	0.4	36.0	38.9	25.8
100213	0800	3.8	0.2	3.2	0.2	1.5	0.4	36.1	34.9	25.8
100213	0810	3.9	0.2	3.4	0.2	1.8	0.4	33.6	29.2	25.9
100213	0820	4.0	0.3	3.3	0.2	1.9	0.3	34.3	28.7	26.0
100213	0830	3.8	0.3	3.0	0.3	1.5	0.5	33.4	30.7	26.2
100213	0840	3.7	0.3	3.0	0.2	1.6	0.4	36.3	34.1	26.3
100213	0850	4.4	0.5	3.3	0.5	1.7	0.6	41.9	49.3	26.4
100213	0900	5.3	0.6	4.5	0.7	2.9	0.7	45.8	55.2	26.7
100213	0910	4.8	0.6	3.9	0.6	2.6	0.5	44.2	53.2	27.0
100213	0920	4.5	0.5	3.5	0.5	2.3	0.5	42.6	50.0	27.2
100213	0930	4.3	0.5	3.3	0.5	2.2	0.5	46.8	55.1	27.4
100213	0940	4.6	0.7	3.8	0.6	2.8	0.6	49.3	58.9	27.5
100213	0950	4.5	0.6	3.8	0.4	2.6	0.4	50.4	59.0	27.6
100213	1000	4.3	0.6	3.7	0.5	2.5	0.5	47.4	55.5	27.5
100213	1010	4.3	0.5	3.6	0.5	2.6	0.5	51.2	59.3	27.5
100213	1020	4.4	0.6	3.6	0.5	2.5	0.4	52.3	59.7	27.6
100213	1030	4.5	0.6	3.9	0.6	2.7	0.6	48.0	58.1	27.8
100213	1040	4.3	0.6	3.7	0.6	2.8	0.6	43.9	55.4	28.0
100213	1050	4.6	0.8	3.9	0.7	2.9	0.6	45.9	55.3	28.2
100213	1100	4.3	0.6	3.6	0.7	2.6	0.7	47.8	58.1	28.3
100213	1110	4.1	0.6	3.6	0.5	2.6	0.5	46.5	54.4	28.5
100213	1120	4.8	0.8	4.3	0.9	3.3	0.8	44.8	54.4	29.0
100213	1130	5.1	1.1	4.6	1.0	3.6	0.8	43.5	55.3	29.4
100213	1140	5.1	0.9	4.6	0.8	3.8	0.9	42.4	52.0	29.5
100213	1150	4.8	1.0	4.4	0.9	3.5	0.8	43.0	51.9	29.6
100213	1200	5.6	1.0	5.2	0.9	4.0	0.8	49.0	57.3	29.7
100213	1210	5.1	0.9	4.9	0.8	3.8	0.8	46.0	56.9	29.7
100213	1220	5.1	0.6	4.8	0.7	3.6	0.8	45.3	54.7	29.6
100213	1230	5.4	0.7	5.0	0.8	3.8	0.8	47.1	57.1	29.6
100213	1240	5.8	0.9	5.6	0.9	4.3	0.9	53.0	63.2	29.6
100213	1250	5.0	0.6	4.7	0.7	3.7	0.7	59.8	67.6	29.4
100213	1300	4.7	0.9	4.5	0.8	3.5	0.9	54.0	67.7	29.3
100213	1310	4.3	0.6	3.9	0.6	3.0	0.6	41.8	53.3	29.3
100213	1320	4.4	0.8	3.9	0.7	3.2	0.7	45.2	55.2	29.4
100213	1330	4.7	1.0	4.3	0.9	3.3	0.8	41.2	50.1	29.5
100213	1340	4.6	0.8	4.3	0.8	3.4	0.8	49.7	61.0	29.7
100213	1350	4.5	0.6	4.3	0.7	3.5	0.7	45.5	57.2	29.8
100213	1400	5.3	0.8	5.0	0.9	3.9	1.0	47.5	57.2	29.7
100213	1410	5.7	0.7	5.3	0.6	3.9	0.8	53.4	63.1	29.6
100213	1420	4.8	0.9	4.5	1.0	3.5	0.9	52.2	63.8	29.7
100213	1430	4.6	0.7	4.1	0.7	3.4	0.7	41.8	49.3	29.9
100213	1440	5.2	0.9	4.7	1.0	3.7	0.9	44.6	57.3	29.7
100213	1450	4.7	0.9	4.2	0.9	3.1	0.8	43.3	54.0	29.5
100213	1500	4.6	0.7	4.2	0.7	3.0	0.7	46.5	59.3	29.3
100213	1510	5.1	0.6	4.6	0.6	3.2	0.7	40.0	49.7	29.1
100213	1520	4.8	0.5	4.1	0.5	2.9	0.6	31.5	40.5	28.9
100213	1530	4.5	0.6	3.8	0.5	2.5	0.6	27.4	36.3	28.7
100213	1540	4.8	0.6	4.0	0.6	2.4	0.5	25.5	34.9	28.7
100213	1550	4.3	0.5	3.6	0.6	2.2	0.5	25.9	35.0	28.8
100213	1600	3.5	0.4	2.9	0.4	1.7	0.5	27.7	35.4	28.9
100213	1610	3.0	0.5	2.3	0.4	1.3	0.5	36.3	42.0	29.1
100213	1620	3.0	0.5	2.5	0.3	1.4	0.5	38.7	45.8	29.2
100213	1630	2.4	0.4	1.9	0.5	1.0	0.6	39.9	40.2	29.2
100213	1640	2.0	0.3	1.5	0.4	0.3	0.1	37.0	37.9	29.1
100213	1650	1.8	0.2	1.3	0.2	0.3	0.0	41.0	37.9	29.1
100213	1700	1.6	0.2	1.3	0.2	0.3	0.0	40.7	37.9	29.1
100213	1710	2.1	0.2	1.5	0.2	0.3	0.0	40.4	37.9	29.1
100213	1720	2.0	0.2	1.5	0.2	0.4	0.1	40.1	37.9	29.0
100213	1730	2.0	0.2	1.6	0.2	0.4	0.3	39.8	37.9	28.9
100213	1740	2.1	0.2	1.5	0.2	0.3	0.0	39.2	37.8	28.7
100213	1750	2.1	0.2	1.5	0.2	0.3	0.1	39.1	37.8	28.6
100213	1800	2.2	0.2	1.5	0.2	0.3	0.0	38.8	37.7	28.5
100213	1810	1.7	0.3	0.6	0.4	0.3	0.0	38.8	37.7	28.4
100213	1820	0.7	0.4	0.3	0.0	0.3	0.0	38.8	37.8	28.3
100213	1830	0.7	0.4	0.3	0.0	0.3	0.0	38.8	37.8	28.2
100213	1840	1.3	0.3	0.3	0.0	0.3	0.0	38.8	37.8	28.1
100213	1850	1.0	0.4	0.3	0.0	0.3	0.0	38.8	37.8	27.8
100213	1900	0.3	0.0	0.3	0.0	0.3	0.0	38.8	37.8	27.5
100213	1910	0.5	0.4	0.3	0.0	0.3	0.0	38.9	37.7	27.4
100213	1920	1.4	0.3	0.5	0.4	0.3	0.0	38.8	37.8	27.3
100213	1930	0.5	0.3	0.3	0.2	0.3	0.0	38.8	37.8	27.0
100213	1940	0.3	0.0	0.3	0.0	0.3	0.0	38.9	37.7	26.9
100213	1950	0.3	0.0	0.3	0.0	0.3	0.0	38.9	37.8	26.7
100213	2000	0.3	0.0	0.3	0.0	0.3	0.0	38.9	37.8	26.6
100213	2010	0.3	0.0	0.6	0.4	0.7	0.5	39.0	38.9	26.7
100213	2020	0.8	0.4	1.4	0.2	0.5	0.3	39.7	63.4	26.8
100213	2030	1.2	0.2	1.4	0.2	0.3	0.0	39.9	64.3	26.9
100213	2040	1.4	0.2	1.4	0.3	0.3	0.0	40.0	64.8	26.7
100213	2050	1.2	0.2	1.4	0.3	0.4	0.2	40.0	64.8	26.5
100213	2100	1.5	0.2	1.9	0.2	0.3	0.0	40.1	64.9	26.6
100213	2110	1.3	0.2	1.5	0.2	0.3	0.0	40.1	64.9	26.5
100213	2120	1.7	0.2	1.1	0.3	0.3	0.0	40.1	64.9	26.3
100213	2130	1.1	0.3	0.4	0.3	0.3	0.0	40.0	64.8	26.2
100213	2340	0.3	0.0	0.3	0.0	0.3	0.0	40.1	64.5	25.9
100213	2350	0.3	0.0	0.6	0.4	0.4	0.2	40.1	64.5	25.8
100313	0000	0.3	0.0	1.0	0.4	0.8	0.5	40.0	64.3	25.8
100313	0010	1.1	0.4	1.2	0.3	1.1	0.4	39.9	64.2	25.8
100313	0020	1.7	0.2	1.8	0.3	1.0	0.4	39.8	64.1	25.8
100313	0030	1.9	0.1	1.7	0.2	0.6	0.4	39.5	64.0	25.7
100313	0040	2.2	0.2	2.0	0.3	0.5	0.3	38.9	63.8	25.7
100313	0050	2.4	0.3	2.0	0.3	0.4	0.3	29.1	63.7	25.7
100313	0100	2.7	0.3	2.1	0.3	0.7	0.5	9.7	63.7	25.6
100313	0110	2.9	0.2	1.9	0.3	0.6	0.5	2.3	63.7	25.6
100313	0120	2.6	0.3	2.0	0.2	0.5	0.3	1.4	63.7	25.5
100313	0130	2.8	0.3	2.6	0.4	1.4	0.5	1.4	63.7	25.5
100313	0140	3.3	0.3	3.1	0.2	1.5	0.5	9.8	63.6	25.5
100313	0150	4.0	0.4	2.8	0.4	0.9	0.5	2.3	63.5	25.4
100313	0200	4.3	0.2	3.2	0.3	1.6	0.4	4.8	63.5	25.3
100313	0210	4.2	0.3	3.1	0.3	1.6	0.5	7.0	63.5	25.4
100313	0220	3.9	0.2	2.5	0.3	1.0	0.5	2.0	63.5	25.3
100313	0230	4.0	0.2	2.6	0.3	1.1	0.6	6.0	63.5	25.3
100313	0240	3.3	0.4	1.8	0.5	0.4	0.3	10.1	63.6	25.2
100313	0250	2.7	0.2	1.6	0.3	0.3	0.0	10.8	63.6	25.2
100313	0300	2.5	0.4	1.5	0.5	0.3	0.0	11.2	63.6	25.2
100313	0310	1.7	0.3	1.0	0.4	0.3	0.0	11.2	63.6	25.2
100313	0320	1.0	0.5	0.4	0.2	0.3	0.0	11.2	63.7	25.1
100313	0330	1.4	0.2	0.3	0.1	0.3	0.0	11.2	63.8	25.1
100313	0340	1.4	0.3	0.3	0.0	0.3	0.0	11.2	63.8	25.1
100313	0350	1.5	0.3	0.3	0.0	0.3	0.0	11.2	63.8	25.1
100313	0400	1.9	0.3	0.3	0.0	0.3	0.0	11.2	63.8	25.1
100313	0410	2.2	0.4	1.2	0.6	1.4	0.5	6.9	63.8	25.0
100313	0420	2.6	0.7	2.1	0.7	1.0	0.5	318.3	77.8	24.8
100313	0430	2.0	0.7	1.5	0.7	0.6	0.4	268.9	235.2	24.8
100313	0440	1.8	0.4	1.2	0.6	0.5	0.4	325.6	235.7	24.7
100313	0450	2.6	0.4	2.8	0.4	1.8	0.5	276.8	236.0	24.6
100313	0500	2.3	0.3	2.2	0.3	1.2	0.6	298.5	236.0	24.5
100313	0510	3.3	0.4	3.0	0.3	2.1	0.3	321.9	236.1	24.6
100313	0520	3.8	0.2	3.2	0.3	1.8	0.5	320.2	236.2	24.5
100313	0530	3.6	0.3	2.2	0.5	0.7	0.5	317.2	236.1	24.3
100313	0540	3.4	0.4	1.8	0.5	0.4	0.3	322.3	236.1	24.2
100313	0550	3.4	0.5	1.8	1.0	0.8	0.7	333.9	236.5	24.1
100313	0600	3.8	0.4	2.5	0.4	0.7	0.5	342.3	237.3	24.2
100313	0610	3.5	0.3	1.7	0.4	0.4	0.1	345.8	237.4	24.1
100313	0620	3.6	0.3	1.6	0.4	0.3	0.0	346.7	237.4	24.1
100313	0630	3.6	0.3	1.8	0.6	0.4	0.2	346.5	237.4	24.1
100313	0640	3.7	0.3	2.1	0.4	0.7	0.5	344.7	237.4	24.1
100313	0650	4.1	0.3	2.3	0.4	0.7	0.5	350.4	321.4	24.0
100313	0700	4.6	0.5	2.6	0.4	0.5	0.4	357.5	11.6	23.9
100313	0710	5.2	0.5	3.3	0.3	1.0	0.6	354.0	1.6	23.9
100313	0720	4.4	0.4	2.8	0.4	0.8	0.6	356.4	5.0	23.9
100313	0730	4.5	0.3	2.7	0.3	0.7	0.6	358.5	7.8	23.9
100313	0740	4.9	0.5	2.9	0.3	1.5	0.4	9.8	5.9	24.0
100313	0750	4.1	0.3	3.1	0.3	1.4	0.6	5.2	9.7	24.1
100313	0800	4.2	0.4	2.7	0.3	1.2	0.6	353.5	6.1	24.2
100313	0810	4.1	0.4	2.8	0.4	1.2	0.5	0.9	5.4	24.2
100313	0820	4.2	0.4	3.2	0.4	1.8	0.7	10.6	11.3	24.3
100313	0830	3.8	0.3	2.9	0.4	1.5	0.6	9.6	12.0	24.3
100313	0840	3.5	0.6	2.6	0.6	1.1	0.8	359.9	20.2	24.4
100313	0850	3.6	0.4	2.6	0.4	1.1	0.7	9.2	7.9	24.5
100313	0900	2.9	0.3	2.0	0.4	0.6	0.4	7.8	2.1	24.7
100313	0910	2.5	0.4	1.6	0.3	0.3	0.1	17.9	2.2	24.9
100313	0920	2.9	0.3	1.9	0.3	0.6	0.4	13.7	2.2	25.1
100313	0930	2.9	0.3	1.8	0.5	0.6	0.5	10.7	2.2	25.4
100313	0940	2.5	0.4	1.8	0.4	0.6	0.5	17.9	2.3	25.8
100313	0950	2.5	0.4	1.9	0.4	0.9	0.6	21.0	2.4	26.2
100313	1000	2.7	0.4	2.1	0.4	1.0	0.6	19.9	2.4	26.5
100313	1010	3.1	0.3	2.5	0.4	1.2	0.7	20.5	20.9	26.8
100313	1020	2.8	0.3	2.4	0.4	1.0	0.7	16.9	23.2	26.9
100313	1030	2.6	0.4	2.1	0.5	0.8	0.6	15.2	22.9	27.0
100313	1040	3.1	0.3	2.5	0.5	1.3	0.7	14.7	24.7	27.2
100313	1050	3.3	0.3	3.1	0.4	2.0	0.5	13.8	22.4	27.3
100313	1100	3.6	0.3	3.3	0.4	2.2	0.5	12.6	19.0	27.4
100313	1110	3.5	0.3	3.0	0.4	1.9	0.7	16.7	26.5	27.5
100313	1120	2.9	0.3	2.5	0.4	1.1	0.6	19.1	32.1	27.7
100313	1130	2.4	0.3	2.2	0.4	1.4	0.6	25.7	34.4	27.9
100313	1140	2.8	0.4	2.6	0.4	1.7	0.5	38.8	40.2	28.1
100313	1150	3.2	0.5	3.0	0.5	2.4	0.5	41.7	50.1	28.3
100313	1200	3.1	0.6	2.7	0.5	2.1	0.5	46.9	55.3	28.4
100313	1210	3.7	0.4	3.4	0.5	2.5	0.5	47.0	54.1	28.5
100313	1220	3.9	0.4	3.6	0.5	2.8	0.6	41.2	49.9	28.7
100313	1230	4.0	0.6	3.6	0.7	2.5	0.6	41.6	51.0	28.7
100313	1240	4.3	0.6	4.0	0.6	3.1	0.7	48.6	57.3	28.7
100313	1250	4.4	0.5	4.0	0.5	2.9	0.6	47.0	57.0	28.7
100313	1300	4.2	0.6	3.7	0.6	2.7	0.6	52.5	61.8	28.6
100313	1310	3.9	0.5	3.6	0.6	2.7	0.6	53.3	62.8	28.6
100313	1320	3.9	0.6	3.5	0.6	2.6	0.7	52.0	59.4	28.6
100313	1330	3.9	0.4	3.6	0.5	2.7	0.5	51.0	60.3	28.5
100313	1340	4.2	0.5	3.8	0.5	3.0	0.6	43.7	53.5	28.6
100313	1350	3.6	0.4	3.1	0.4	2.1	0.4	35.6	46.4	28.6
100313	1400	2.9	0.5	2.6	0.6	1.7	0.7	38.2	50.8	28.8
100313	1410	2.0	0.6	1.9	0.5	1.2	0.6	42.4	54.4	29.1
100313	1420	2.5	0.5	2.2	0.5	1.4	0.6	38.9	48.2	29.1
100313	1430	3.0	0.4	2.8	0.4	1.9	0.5	42.6	52.1	28.9
100313	1440	2.3	0.3	2.2	0.3	1.3	0.5	38.0	52.8	28.8
100313	1450	2.2	0.3	1.9	0.3	0.8	0.4	37.4	49.5	28.7
100313	1500	2.3	0.3	1.9	0.3	0.7	0.5	37.0	43.4	28.8
100313	1510	2.1	0.3	1.7	0.4	0.9	0.5	35.1	42.8	28.9
100313	1520	2.1	0.3	1.9	0.4	1.5	0.4	34.5	42.7	29.0
100313	1530	1.7	0.4	1.3	0.6	0.8	0.5	27.3	42.6	29.1
100313	1540	1.7	0.3	1.6	0.2	0.8	0.5	28.1	42.6	29.2
100313	1550	1.8	0.3	1.6	0.2	0.8	0.5	18.8	30.1	29.2
100313	1600	2.0	0.3	1.5	0.4	0.4	0.2	3.1	23.7	29.2
100313	1610	2.1	0.2	1.7	0.3	0.4	0.3	1.6	16.0	29.1
100313	1620	1.8	0.3	0.8	0.5	0.3	0.0	0.5	15.8	29.1
100313	1630	2.3	0.3	1.5	0.5	0.4	0.2	357.7	12.8	29.1
100313	1640	2.6	0.4	1.7	0.3	0.5	0.4	351.0	358.5	29.0
100313	1650	2.1	0.3	1.4	0.4	0.4	0.3	349.3	358.2	28.8
100313	1700	1.8	0.3	1.3	0.3	0.3	0.1	349.9	358.2	28.8
100313	1710	1.4	0.2	0.9	0.6	0.4	0.2	350.1	358.6	28.7
100313	1720	0.8	0.5	0.3	0.0	0.3	0.0	350.0	358.5	28.9
100313	1730	0.3	0.0	0.3	0.0	0.3	0.0	350.0	358.5	29.1
100313	1740	0.3	0.0	0.3	0.0	0.3	0.0	350.0	358.5	29.2
100313	1750	0.3	0.0	0.3	0.0	0.3	0.0	350.0	358.5	28.9
100313	1800	0.3	0.0	0.3	0.0	0.3	0.0	350.0	358.5	28.7
100313	1810	0.3	0.0	0.3	0.0	0.3	0.0	351.3	358.5	28.6
100313	1820	0.3	0.0	0.3	0.0	0.3	0.0	355.7	358.8	28.4
100313	1830	0.3	0.0	0.3	0.0	0.3	0.0	355.7	358.8	28.1
100313	1840	0.4	0.3	0.3	0.0	0.3	0.0	355.7	358.8	27.9
100313	1850	0.7	0.5	0.3	0.0	0.3	0.0	355.8	358.8	27.6
100313	1900	1.4	0.2	0.3	0.2	0.3	0.0	357.1	359.2	27.5
100313	1910	1.3	0.2	0.3	0.1	0.3	0.0	92.7	20.4	27.4
100313	1920	0.8	0.4	0.5	0.4	0.3	0.0	92.7	20.4	27.3
100313	1930	1.4	0.2	1.2	0.2	0.3	0.0	89.8	20.4	27.3
100313	2040	3.0	0.2	2.2	0.3	0.3	0.0	64.5	21.3	27.0
100313	2050	2.9	0.2	2.3	0.2	0.3	0.0	65.4	21.4	26.8
100313	2100	3.2	0.3	2.4	0.3	0.8	0.5	60.0	21.4	26.8
100313	2110	3.3	0.2	2.7	0.2	1.4	0.3	59.1	21.5	26.9
100313	2120	3.6	0.2	2.8	0.3	1.4	0.2	58.8	21.5	26.8
100313	2130	3.6	0.2	3.0	0.2	1.3	0.4	57.5	21.5	26.7
100313	2240	1.8	0.2	1.3	0.3	0.3	0.0	57.4	21.2	26.2
100313	2250	2.4	0.2	1.7	0.3	0.3	0.0	58.0	21.2	26.1
100313	2300	2.9	0.3	2.3	0.2	0.3	0.0	59.1	21.4	26.1
100313	2310	3.4	0.3	2.4	0.3	0.3	0.0	54.6	21.4	26.1
100313	2320	3.4	0.2	2.5	0.3	0.7	0.5	49.6	21.5	26.1
100313	2330	3.4	0.2	2.2	0.3	0.4	0.2	45.1	21.4	26.1
100413	0040	4.1	0.6	3.1	0.5	1.7	0.4	57.9	21.6	26.4
100413	0050	4.1	0.5	3.1	0.4	1.7	0.4	54.6	21.7	26.3
100413	0100	4.0	0.4	3.1	0.4	1.5	0.5	47.7	21.8	26.3
100413	0110	4.1	0.4	3.1	0.4	1.8	0.3	40.0	26.8	26.2
100413	0120	4.0	0.4	3.1	0.3	1.7	0.5	38.5	44.3	26.1
100413	0130	3.8	0.4	3.0	0.3	1.7	0.3	42.7	46.2	26.1
100413	0240	2.2	0.3	1.6	0.2	0.3	0.0	43.9	51.3	25.4
100413	0250	2.1	0.3	1.6	0.2	0.3	0.0	43.0	51.4	25.3
100413	0300	2.2	0.3	1.7	0.2	0.3	0.0	44.3	51.3	25.2
100413	0310	2.4	0.3	1.8	0.2	0.4	0.1	49.9	51.4	25.2
100413	0320	2.3	0.2	1.9	0.2	0.6	0.5	45.2	51.4	25.2
100413	0330	2.3	0.2	2.1	0.2	0.3	0.1	44.8	51.3	25.1
100413	0440	4.0	0.5	3.2	0.5	1.3	0.8	7.4	6.5	24.6
100413	0450	4.0	0.4	2.7	0.4	1.1	0.7	7.0	7.4	24.4
100413	0500	4.0	0.4	3.2	0.5	1.8	0.7	9.2	21.7	24.4
100413	0510	4.9	0.7	3.4	0.5	1.9	0.8	359.4	6.3	24.3
100413	0520	4.8	0.5	3.2	0.6	1.4	0.7	348.7	356.0	24.0
100413	0530	4.4	0.5	3.2	0.5	1.8	0.7	4.4	7.7	23.9
100413	0540	4.1	0.5	3.6	0.5	2.1	0.7	8.5	14.4	24.0
100413	0550	4.4	1.0	3.3	0.7	1.6	0.7	358.8	4.5	24.1
100413	0600	5.1	0.6	4.0	0.8	2.2	0.8	1.5	5.8	24.0
100413	0610	5.1	0.6	3.7	0.7	1.9	0.9	355.3	4.3	23.9
100413	0620	5.1	0.7	4.4	0.6	3.1	0.8	8.4	16.1	23.8
100413	0630	5.5	0.7	4.7	0.8	2.8	1.0	18.2	29.3	23.7
100413	0750	3.7	0.3	2.3	0.4	0.5	0.3	7.2	9.6	23.2
100413	0800	4.3	0.4	3.2	0.4	1.7	0.6	7.0	12.4	23.3
100413	0810	4.6	0.4	3.7	0.5	2.2	0.7	8.8	18.3	23.4
100413	0820	4.5	0.5	3.7	0.5	2.5	0.7	6.9	16.3	23.5
100413	0830	4.4	0.5	3.6	0.7	2.3	0.7	10.1	23.0	23.6
100413	0840	4.1	0.5	3.2	0.7	1.9	0.8	12.0	23.6	23.8
100413	0850	4.5	0.5	3.6	0.6	2.5	0.9	12.0	24.9	24.0
100413	0900	4.4	0.6	3.6	0.8	1.9	0.8	17.0	28.7	24.3
100413	0910	4.9	0.7	4.2	0.7	2.5	0.9	19.8	30.8	24.5
100413	0920	4.7	0.6	4.0	0.8	2.7	1.0	22.9	33.5	24.8
100413	0930	4.0	0.6	3.2	0.7	2.4	0.7	34.6	43.0	25.1
100413	0940	3.8	0.6	3.2	0.6	2.4	0.6	41.1	51.9	25.4
100413	0950	4.4	0.7	4.1	0.8	3.4	0.8	48.5	57.7	25.6
100413	1000	4.4	0.7	4.0	0.8	3.1	0.7	47.6	54.8	25.9
100413	1010	3.9	0.8	3.6	0.9	3.0	1.0	48.3	58.7	26.1
100413	1020	4.3	0.7	3.9	0.6	3.0	0.8	52.7	61.5	26.3
100413	1030	4.3	0.7	4.1	0.6	3.3	0.8	61.4	69.5	26.6
100413	1040	5.2	0.8	4.9	1.0	4.1	0.9	64.4	73.1	26.7
100413	1050	5.5	0.8	5.3	0.8	4.3	0.8	65.9	74.1	26.8
100413	1100	5.2	0.7	5.2	0.9	4.1	0.8	59.0	66.2	26.9
100413	1110	5.7	0.9	5.4	1.0	4.3	1.0	67.6	77.9	27.0
100413	1120	5.7	0.8	5.5	0.9	4.5	0.8	56.7	67.2	27.2
100413	1130	6.2	1.0	5.8	1.0	4.5	0.9	56.2	66.7	27.2
100413	1140	5.7	0.7	5.4	0.8	4.5	0.8	68.5	76.1	27.7
100413	1150	6.3	0.7	6.0	0.7	5.0	0.9	81.4	93.5	28.1
100413	1200	6.0	0.8	5.9	0.8	4.7	0.8	69.0	80.5	28.2
100413	1210	5.4	1.1	5.2	1.1	4.2	1.1	66.8	76.8	28.1
100413	1220	5.1	0.8	4.8	0.8	4.2	0.9	68.7	79.2	28.4
100413	1230	4.7	0.9	4.4	0.9	3.8	0.9	68.6	78.9	28.8
100413	1240	5.3	0.8	5.0	0.9	4.4	0.8	74.3	83.8	28.8
100413	1250	4.9	0.7	4.7	0.9	4.1	0.9	73.0	83.4	28.8
100413	1300	4.9	0.8	4.5	0.9	3.8	0.8	71.8	81.2	29.0
100413	1310	5.2	1.0	5.0	1.1	4.2	1.0	77.3	89.2	28.6
100413	1320	5.6	0.6	5.3	0.7	4.4	0.8	81.7	90.1	28.6
100413	1330	5.3	0.9	4.9	0.8	4.0	0.9	90.1	101.8	28.7
100413	1340	5.8	1.2	5.6	1.3	4.5	1.0	78.0	88.8	28.8
100413	1350	5.5	1.0	5.4	1.0	4.5	1.0	82.4	92.9	28.7
100413	1400	4.9	0.8	4.6	1.0	3.8	0.9	69.6	79.9	28.7
100413	1410	4.5	0.8	4.1	0.9	3.3	0.8	80.8	92.7	28.6
100413	1420	4.3	0.8	4.2	0.8	3.2	0.8	69.5	81.5	28.7
100413	1430	3.9	0.7	3.5	0.7	2.8	0.7	71.6	79.6	28.6
100413	1540	3.0	0.5	2.5	0.6	1.3	0.7	40.1	48.8	28.5
100413	1550	3.2	0.3	2.8	0.5	2.0	0.6	41.8	51.0	28.4
100413	1600	2.8	0.4	2.3	0.5	1.3	0.7	44.1	47.0	28.5
100413	1610	3.2	0.5	3.0	0.5	1.9	0.9	39.2	47.3	28.5
100413	1620	2.6	0.7	2.0	0.9	1.4	0.9	35.8	50.9	28.5
100413	1630	2.7	0.5	2.5	0.5	1.6	0.5	33.8	41.4	28.5
100413	1750	2.8	0.6	1.9	0.5	0.7	0.5	32.3	35.6	28.0
100413	1800	2.9	0.4	2.1	0.5	0.6	0.4	38.6	47.0	27.8
100413	1810	3.0	0.4	2.2	0.5	0.6	0.5	37.1	46.2	27.8
100413	1820	2.7	0.4	2.0	0.4	0.4	0.1	40.6	46.2	27.7
100413	1830	2.4	0.4	1.6	0.5	0.4	0.3	47.2	46.3	27.6
100413	1840	2.8	0.3	2.1	0.4	0.4	0.2	53.4	46.5	27.4
100413	1850	2.6	0.3	1.8	0.3	0.3	0.1	47.7	46.4	27.3
100413	1900	2.3	0.3	1.4	0.3	0.3	0.0	42.9	46.2	27.2
100413	1910	2.4	0.3	1.6	0.3	0.3	0.0	40.0	46.3	27.1
100413	1920	2.7	0.3	2.0	0.4	0.3	0.0	44.5	46.3	27.0
100413	1930	3.3	0.3	2.5	0.3	0.4	0.2	55.0	46.5	26.9